Date,Open,High,Low,Close,Volume,Change,Delta,Change_Ratio,Delta_Ratio,Variance,momentum
2023-08-04,159.2,159.74,157.16,158.25,1091721,-0.95,2.58,-0.6,1.63,1.29,-1
2023-08-03,157.8,161.09,156.91,158.45,1881973,0.65,4.18,0.41,2.64,2.09,1
2023-08-02,157.71,158.67,157.03,157.88,1018437,0.17,1.64,0.11,1.04,0.82,-1
2023-08-01,157.68,159.93,157.0,158.96,1206871,1.28,2.93,0.81,1.84,1.47,1
2023-07-31,157.35,158.76,156.88,157.63,757649,0.28,1.88,0.18,1.19,0.94,-1
2023-07-28,158.5,159.7,157.59,157.65,1232446,-0.85,2.11,-0.54,1.34,1.05,-1
2023-07-27,160.58,160.9,157.76,158.14,658311,-2.44,3.15,-1.54,1.99,1.57,-1
2023-07-26,162.55,163.03,157.79,158.8,1775007,-3.75,5.24,-2.36,3.3,2.62,-1
2023-07-25,160.1,162.79,159.95,161.45,711298,1.35,2.84,0.84,1.76,1.42,1
2023-07-24,160.39,161.28,159.63,160.43,937504,0.04,1.65,0.02,1.03,0.83,1
2023-07-21,164.78,165.21,159.58,160.38,2763181,-4.4,5.63,-2.74,3.51,2.81,-1
2023-07-20,164.9,166.11,163.61,163.77,1611288,-1.13,2.5,-0.69,1.53,1.25,-1
2023-07-19,168.62,170.0,165.44,166.69,4696511,-1.93,4.56,-1.16,2.74,2.28,1
2023-07-18,157.81,159.32,156.9,158.48,926624,0.67,2.42,0.42,1.53,1.21,-1
2023-07-17,155.9,160.43,155.9,159.22,1352433,3.32,4.53,2.09,2.84,2.26,1
2023-07-14,156.59,158.47,155.47,156.23,1138879,-0.36,3.0,-0.23,1.92,1.5,-1
2023-07-13,156.3,158.55,155.61,157.17,1992206,0.87,2.94,0.55,1.87,1.47,1
2023-07-12,154.37,156.13,152.5,155.74,2506931,1.37,3.63,0.88,2.33,1.81,1
2023-07-11,144.5,156.23,143.98,151.53,4632418,7.03,12.25,4.64,8.08,6.12,1
2023-07-10,141.54,144.28,141.54,144.06,930843,2.52,2.74,1.75,1.9,1.37,1
2023-07-07,141.74,142.78,141.26,141.4,605380,-0.34,1.52,-0.24,1.07,0.76,-1
2023-07-06,142.54,143.0,141.25,142.06,927774,-0.48,1.75,-0.34,1.23,0.88,-1
2023-07-05,143.05,144.45,142.84,143.72,821087,0.67,1.6,0.47,1.12,0.8,-1
2023-07-03,142.89,144.98,142.7,144.04,721976,1.15,2.28,0.8,1.58,1.14,1
2023-06-30,144.03,145.73,143.43,143.69,1768173,-0.34,2.3,-0.24,1.6,1.15,-1
2023-06-29,141.15,144.01,140.69,143.92,1209884,2.77,3.32,1.92,2.31,1.66,1
2023-06-28,140.12,142.65,139.55,140.69,1239210,0.57,3.1,0.41,2.2,1.55,-1
2023-06-27,137.82,141.22,137.56,140.98,2236529,3.16,3.66,2.24,2.6,1.83,1
2023-06-26,137.87,139.72,137.37,137.82,519719,-0.05,2.35,-0.04,1.71,1.17,-1
2023-06-23,136.31,138.53,135.68,137.83,2200169,1.52,2.85,1.1,2.07,1.42,1
2023-06-22,137.66,138.38,137.05,137.23,897055,-0.43,1.33,-0.31,0.97,0.67,-1
2023-06-21,140.62,141.25,137.09,137.75,1765190,-2.87,4.16,-2.08,3.02,2.08,-1
2023-06-20,140.0,143.18,139.76,141.28,1319903,1.28,3.42,0.91,2.42,1.71,-1
2023-06-16,142.85,143.9,140.35,141.36,3006752,-1.49,3.56,-1.05,2.51,1.78,-1
2023-06-15,139.85,142.5,139.56,142.38,1480350,2.53,2.94,1.78,2.06,1.47,1
2023-06-14,140.21,141.95,139.22,140.83,1374727,0.62,2.73,0.44,1.94,1.36,1
2023-06-13,140.93,142.33,140.13,140.7,1576405,-0.23,2.2,-0.16,1.56,1.1,-1
2023-06-12,136.2,140.99,136.13,140.85,1985917,4.65,4.86,3.3,3.45,2.43,1
2023-06-09,133.0,136.07,133.0,135.38,797952,2.38,3.07,1.76,2.27,1.53,1
2023-06-08,132.09,133.78,131.29,133.15,682814,1.06,2.49,0.8,1.87,1.25,1
2023-06-07,132.01,133.86,131.04,132.31,1248408,0.3,2.82,0.23,2.13,1.41,1
2023-06-06,133.5,133.97,131.25,132.26,1925681,-1.24,2.72,-0.94,2.06,1.36,-1
2023-06-05,136.57,136.83,134.18,134.41,1006200,-2.16,2.65,-1.61,1.97,1.33,-1
2023-06-02,132.0,138.0,131.5,137.91,1926224,5.91,6.5,4.29,4.71,3.25,1
2023-06-01,135.27,135.52,133.22,133.94,2097414,-1.33,2.3,-0.99,1.72,1.15,-1
2023-05-31,132.7,137.01,132.61,136.29,10706656,3.59,4.4,2.63,3.23,2.2,1
2023-05-30,134.12,137.56,133.59,133.8,4383084,-0.32,3.97,-0.24,2.97,1.98,1
2023-05-26,128.35,134.0,128.02,133.24,2873001,4.89,5.98,3.67,4.49,2.99,1
2023-05-25,125.09,128.12,125.06,127.86,1401980,2.77,3.06,2.17,2.4,1.53,1
2023-05-24,123.68,124.53,123.07,124.05,961154,0.37,1.46,0.3,1.18,0.73,-1
2023-05-23,125.32,126.56,124.42,124.43,1365828,-0.89,2.14,-0.72,1.72,1.07,-1
2023-05-22,125.54,126.01,123.83,124.72,932687,-0.82,2.18,-0.66,1.75,1.09,-1
2023-05-19,125.5,126.36,125.27,125.74,803866,0.24,1.09,0.19,0.87,0.55,1
2023-05-18,125.25,125.64,123.92,125.41,1135694,0.16,1.72,0.13,1.37,0.86,1
2023-05-17,123.52,125.27,123.52,125.05,813093,1.53,1.75,1.22,1.4,0.88,1
2023-05-16,123.82,124.09,122.92,123.27,709426,-0.55,1.17,-0.45,0.95,0.59,-1
2023-05-15,123.04,124.44,123.04,124.17,602627,1.13,1.4,0.91,1.13,0.7,1
2023-05-12,123.12,123.46,122.31,123.44,632498,0.32,1.15,0.26,0.93,0.57,1
2023-05-11,123.14,123.5,122.31,123.06,438446,-0.08,1.19,-0.07,0.97,0.59,-1
2023-05-10,122.83,123.6,122.0,123.09,544456,0.26,1.6,0.21,1.3,0.8,1
2023-05-09,122.77,122.91,121.81,121.82,956942,-0.95,1.1,-0.78,0.9,0.55,-1
2023-05-08,123.55,124.12,122.56,122.76,1103286,-0.79,1.56,-0.64,1.27,0.78,-1
2023-05-05,122.81,124.5,122.39,124.12,1295225,1.31,2.11,1.06,1.7,1.05,1
2023-05-04,123.25,123.7,121.78,121.81,936288,-1.44,1.92,-1.18,1.58,0.96,-1
2023-05-03,123.53,124.7,122.91,123.49,877796,-0.04,1.78,-0.03,1.45,0.89,-1
2023-05-02,126.22,126.49,122.89,123.88,1157148,-2.34,3.6,-1.89,2.91,1.8,-1
2023-05-01,124.6,127.35,124.6,126.98,1488065,2.38,2.75,1.87,2.17,1.38,1
2023-04-28,124.43,125.43,123.45,125.03,826864,0.6,1.98,0.48,1.58,0.99,1
2023-04-27,123.38,124.64,121.88,124.41,789007,1.03,2.76,0.83,2.22,1.38,1
2023-04-26,123.43,124.54,122.5,123.38,1540775,-0.05,2.04,-0.04,1.65,1.02,-1
2023-04-25,126.14,126.88,125.51,126.13,1466248,-0.01,1.37,-0.01,1.09,0.68,-1
2023-04-24,125.53,126.8,125.06,126.24,1426575,0.71,1.74,0.56,1.38,0.87,1
2023-04-21,128.57,128.94,125.65,126.12,1670437,-2.45,3.29,-1.94,2.61,1.64,-1
2023-04-20,127.27,129.15,127.02,128.25,1223277,0.98,2.13,0.76,1.66,1.07,1
2023-04-19,125.98,128.48,125.5,127.94,1391700,1.96,2.98,1.53,2.33,1.49,1
2023-04-18,126.69,126.82,125.85,126.4,693792,-0.29,0.97,-0.23,0.77,0.48,1
2023-04-17,125.59,126.34,125.08,126.06,1216627,0.47,1.26,0.37,1.0,0.63,1
2023-04-14,125.66,127.0,125.21,125.9,1185356,0.24,1.79,0.19,1.42,0.9,-1
2023-04-13,123.75,127.0,123.69,126.43,1377897,2.68,3.31,2.12,2.62,1.66,1
2023-04-12,124.11,124.64,123.31,124.02,897970,-0.09,1.33,-0.07,1.08,0.67,-1
2023-04-11,124.24,124.75,123.72,124.11,1351944,-0.13,1.03,-0.1,0.83,0.52,-1
2023-04-10,121.19,124.59,121.19,124.23,1454233,3.04,3.4,2.45,2.74,1.7,1
2023-04-06,122.27,123.12,121.47,122.17,722388,-0.1,1.64,-0.08,1.35,0.82,-1
2023-04-05,121.81,123.07,121.32,122.81,1126268,1.0,1.75,0.81,1.42,0.88,1
2023-04-04,124.9,124.9,121.64,121.9,1100143,-3.0,3.26,-2.46,2.67,1.63,-1
2023-04-03,123.8,124.89,123.65,124.8,1102636,1.0,1.24,0.8,1.0,0.62,-1
2023-03-31,124.19,124.86,123.54,124.85,992260,0.66,1.32,0.53,1.06,0.66,1
2023-03-30,123.78,124.26,123.32,124.0,751445,0.22,0.95,0.18,0.76,0.47,1
2023-03-29,123.01,123.98,122.55,122.98,1204933,-0.03,1.43,-0.02,1.16,0.72,1
2023-03-28,122.22,123.16,121.84,122.61,845419,0.39,1.33,0.32,1.08,0.66,1
2023-03-27,122.12,123.6,121.53,122.34,884640,0.22,2.07,0.18,1.69,1.03,1
2023-03-24,119.38,122.29,119.34,122.28,1704654,2.9,2.95,2.37,2.41,1.48,1
2023-03-23,119.25,121.26,118.38,119.06,2549161,-0.19,2.88,-0.16,2.42,1.44,1
2023-03-22,118.49,120.94,118.27,118.27,1187847,-0.22,2.67,-0.19,2.26,1.34,-1
2023-03-21,118.27,119.59,117.96,118.57,1368109,0.3,1.64,0.25,1.38,0.82,1
2023-03-20,118.04,119.32,117.09,117.78,1398393,-0.26,2.23,-0.22,1.89,1.11,-1
2023-03-17,120.5,120.83,117.68,118.27,2139518,-2.23,3.15,-1.89,2.66,1.57,-1
2023-03-16,118.9,120.59,118.18,120.55,923772,1.65,2.41,1.37,2.0,1.2,1
2023-03-15,116.76,119.52,116.68,119.4,1130311,2.64,2.84,2.21,2.38,1.42,1
2023-03-14,117.65,118.86,116.91,118.57,1015216,0.92,1.95,0.78,1.64,0.98,1
2023-03-13,116.77,118.28,115.87,116.0,954913,-0.77,2.41,-0.66,2.08,1.2,-1
2023-03-10,117.73,118.98,117.15,117.64,938888,-0.09,1.83,-0.08,1.56,0.91,-1
2023-03-09,120.02,120.9,117.99,118.33,905225,-1.69,2.91,-1.43,2.46,1.46,-1
2023-03-08,120.32,120.75,119.51,120.2,1682173,-0.12,1.24,-0.1,1.03,0.62,1
2023-03-07,119.39,120.58,119.17,120.05,1949014,0.66,1.41,0.55,1.17,0.7,1
2023-03-06,118.35,120.26,118.35,119.39,1140169,1.04,1.91,0.87,1.6,0.96,1
2023-03-03,115.42,119.2,113.61,118.88,2969326,3.46,5.59,2.91,4.71,2.8,1
2023-03-02,109.34,112.29,109.0,111.25,1548183,1.91,3.29,1.72,2.96,1.65,1
2023-03-01,110.62,111.39,109.8,110.09,1244755,-0.53,1.59,-0.48,1.44,0.8,-1
2023-02-28,111.75,111.75,109.44,110.13,2878193,-1.62,2.31,-1.47,2.1,1.16,-1
2023-02-27,113.54,114.17,110.47,110.96,2290603,-2.58,3.7,-2.33,3.33,1.85,-1
2023-02-24,112.63,113.36,112.33,112.69,1172351,0.06,1.03,0.05,0.91,0.52,-1
2023-02-23,113.56,114.46,113.0,113.71,934839,0.15,1.45,0.13,1.28,0.73,1
2023-02-22,114.76,115.25,112.24,112.77,1167844,-1.99,3.01,-1.76,2.67,1.51,-1
2023-02-21,114.96,115.98,114.4,114.49,839137,-0.47,1.58,-0.41,1.38,0.79,-1
2023-02-17,115.96,116.62,115.62,116.15,487363,0.19,1.0,0.16,0.86,0.5,-1
2023-02-16,115.84,117.3,115.51,116.26,1240053,0.42,1.8,0.36,1.54,0.9,-1
2023-02-15,116.39,117.86,116.29,117.85,1096904,1.46,1.57,1.24,1.33,0.78,1
2023-02-14,117.33,117.81,116.56,117.23,600465,-0.1,1.25,-0.09,1.07,0.62,-1
2023-02-13,116.58,117.78,116.58,117.74,444729,1.16,1.2,0.99,1.02,0.6,1
2023-02-10,118.46,119.22,114.61,116.34,1934055,-2.12,4.61,-1.82,3.96,2.3,-1
2023-02-09,119.76,120.74,118.5,118.76,775783,-1.0,2.24,-0.84,1.89,1.12,1
2023-02-08,120.69,120.96,118.52,118.63,1006256,-2.06,2.44,-1.74,2.06,1.22,-1
2023-02-07,119.34,121.95,119.34,121.0,1260118,1.66,2.61,1.37,2.16,1.3,1
2023-02-06,120.5,121.32,118.92,119.34,1398777,-1.16,2.4,-0.97,2.01,1.2,-1
2023-02-03,122.55,123.92,121.55,121.77,1011524,-0.78,2.37,-0.64,1.95,1.19,-1
2023-02-02,124.17,124.88,123.29,124.02,632740,-0.15,1.58,-0.12,1.28,0.79,1
2023-02-01,122.13,123.82,121.35,123.34,1426373,1.21,2.47,0.98,2.0,1.23,1
2023-01-31,121.79,123.15,120.01,122.47,1105047,0.68,3.14,0.56,2.56,1.57,1
2023-01-30,123.42,124.21,119.46,121.8,898270,-1.62,4.75,-1.33,3.9,2.38,-1
2023-01-27,125.26,126.44,124.27,124.4,780229,-0.86,2.17,-0.69,1.74,1.09,-1
2023-01-26,125.52,126.81,125.14,126.37,789779,0.85,1.67,0.67,1.32,0.84,1
2023-01-25,124.94,125.39,124.4,125.04,1197881,0.1,0.99,0.08,0.79,0.49,-1
2023-01-24,125.37,125.85,124.13,125.74,1400742,0.37,1.72,0.29,1.37,0.86,1
2023-01-23,124.07,125.56,123.85,125.08,546882,1.01,1.71,0.81,1.37,0.86,1
2023-01-20,123.36,124.25,122.74,124.02,845265,0.66,1.52,0.53,1.22,0.76,1
2023-01-19,123.82,124.18,122.72,122.94,715285,-0.88,1.46,-0.72,1.19,0.73,-1
2023-01-18,125.5,126.0,124.12,124.46,688532,-1.04,1.88,-0.84,1.51,0.94,-1
2023-01-17,124.26,125.83,124.26,124.98,827369,0.72,1.57,0.58,1.26,0.78,1
2023-01-13,124.48,125.47,124.23,124.93,956848,0.45,1.24,0.36,0.99,0.62,-1
2023-01-12,124.8,126.28,124.4,125.56,570004,0.76,1.88,0.61,1.49,0.94,1
2023-01-11,124.15,124.94,123.85,124.86,1213931,0.71,1.09,0.57,0.87,0.55,1
2023-01-10,124.17,124.5,121.4,124.26,1320660,0.09,3.1,0.07,2.49,1.55,-1
2023-01-09,126.3,127.89,123.0,124.27,2428131,-2.03,4.89,-1.63,3.93,2.45,-1
2023-01-06,122.22,126.5,122.22,126.14,1022847,3.92,4.28,3.11,3.39,2.14,1
2023-01-05,122.42,122.79,121.68,121.73,1132315,-0.69,1.11,-0.57,0.91,0.55,-1
2023-01-04,122.39,124.23,122.01,122.92,929155,0.53,2.22,0.43,1.81,1.11,1
2023-01-03,122.48,123.79,121.66,122.32,614689,-0.16,2.14,-0.13,1.75,1.07,-1
2022-12-30,120.88,122.77,120.88,122.76,671438,1.88,1.89,1.53,1.54,0.95,1
2022-12-29,120.91,122.42,120.51,122.01,373445,1.1,1.91,0.9,1.57,0.95,1
2022-12-28,121.15,122.07,120.09,120.19,689935,-0.96,1.98,-0.8,1.65,0.99,-1
2022-12-27,121.11,121.72,120.92,121.33,936450,0.22,0.8,0.18,0.66,0.4,-1
2022-12-23,121.13,121.58,120.83,121.42,287399,0.29,0.75,0.24,0.62,0.38,-1
2022-12-22,121.32,121.86,120.88,121.49,480671,0.17,0.98,0.14,0.81,0.49,-1
2022-12-21,120.75,123.06,120.51,121.92,867794,1.17,2.55,0.96,2.09,1.27,1
2022-12-20,120.51,120.96,119.63,120.6,963795,0.09,1.33,0.07,1.1,0.66,-1
2022-12-19,121.62,122.1,120.43,120.82,863951,-0.8,1.67,-0.66,1.38,0.83,-1
2022-12-16,122.02,122.88,121.47,121.76,1879653,-0.26,1.41,-0.21,1.16,0.7,-1
2022-12-15,123.0,123.93,122.41,122.99,1476295,-0.01,1.52,-0.01,1.24,0.76,-1
2022-12-14,123.21,125.66,123.18,124.55,880446,1.34,2.48,1.08,1.99,1.24,1
2022-12-13,124.04,125.72,122.87,123.7,1047385,-0.34,2.85,-0.27,2.3,1.42,1
2022-12-12,120.84,122.61,120.55,122.61,948175,1.77,2.06,1.44,1.68,1.03,1
2022-12-09,120.54,121.4,120.14,120.94,1863335,0.4,1.26,0.33,1.04,0.63,1
2022-12-08,118.43,119.95,118.41,119.31,1306003,0.88,1.54,0.74,1.29,0.77,1
2022-12-07,118.49,118.94,117.84,118.16,570718,-0.33,1.1,-0.28,0.93,0.55,-1
2022-12-06,119.25,119.74,118.08,118.62,945106,-0.63,1.66,-0.53,1.4,0.83,-1
2022-12-05,119.62,120.46,118.93,119.65,708692,0.03,1.53,0.03,1.28,0.76,-1
2022-12-02,119.53,121.11,119.53,120.84,629945,1.31,1.58,1.08,1.31,0.79,-1
2022-12-01,121.76,122.37,120.64,121.68,767374,-0.08,1.73,-0.07,1.42,0.87,1
2022-11-30,118.2,121.53,117.75,121.49,3065873,3.29,3.78,2.71,3.11,1.89,1
2022-11-29,117.52,118.19,117.08,118.03,612248,0.51,1.11,0.43,0.94,0.55,1
2022-11-28,117.74,118.77,117.03,117.52,786260,-0.22,1.74,-0.19,1.48,0.87,-1
2022-11-25,119.68,119.87,119.04,119.26,451526,-0.42,0.83,-0.35,0.69,0.41,-1
2022-11-23,117.79,119.93,117.62,119.35,928726,1.56,2.31,1.31,1.94,1.16,1
2022-11-22,117.27,118.55,117.13,118.39,1445125,1.12,1.42,0.95,1.2,0.71,1
2022-11-21,116.5,117.72,116.39,116.77,1017582,0.27,1.33,0.23,1.14,0.66,1
2022-11-18,116.31,116.93,115.93,116.56,811020,0.25,1.0,0.21,0.86,0.5,1
2022-11-17,114.21,115.89,114.0,115.43,1445372,1.22,1.89,1.06,1.64,0.95,1
2022-11-16,116.01,116.44,115.28,115.32,806947,-0.69,1.16,-0.6,1.01,0.58,-1
2022-11-15,116.98,118.9,115.58,116.29,1528277,-0.69,3.32,-0.59,2.85,1.66,1
2022-11-14,115.52,117.49,115.43,115.57,867972,0.05,2.06,0.04,1.78,1.03,-1
2022-11-11,114.6,116.13,114.05,115.97,798867,1.37,2.08,1.18,1.79,1.04,1
2022-11-10,113.5,114.75,113.48,114.61,1134181,1.11,1.27,0.97,1.11,0.63,1
2022-11-09,111.39,111.92,110.53,110.53,867733,-0.86,1.39,-0.78,1.26,0.7,-1
2022-11-08,111.84,113.15,111.12,111.93,974660,0.09,2.03,0.08,1.81,1.02,1
2022-11-07,110.74,111.95,110.54,111.31,742458,0.57,1.41,0.51,1.26,0.7,1
2022-11-04,110.34,112.35,109.74,110.73,1244807,0.39,2.61,0.35,2.36,1.3,1
2022-11-03,110.52,111.22,108.97,109.17,891604,-1.35,2.25,-1.24,2.06,1.12,-1
2022-11-02,112.26,114.41,111.65,111.95,1118040,-0.31,2.76,-0.28,2.47,1.38,-1
2022-11-01,113.26,113.47,112.1,112.62,696055,-0.64,1.37,-0.57,1.22,0.69,1
2022-10-31,112.46,113.28,111.97,112.53,648140,0.07,1.31,0.06,1.16,0.66,-1
2022-10-28,110.29,113.18,110.29,113.15,1169255,2.86,2.89,2.53,2.55,1.45,1
2022-10-27,111.57,112.77,110.52,110.72,1219956,-0.85,2.25,-0.77,2.03,1.12,-1
2022-10-26,111.1,112.84,110.82,111.3,794841,0.2,2.02,0.18,1.82,1.01,-1
2022-10-25,110.85,111.65,110.52,111.42,1400536,0.57,1.13,0.51,1.01,0.57,1
2022-10-24,110.1,111.32,110.04,110.61,858022,0.51,1.27,0.46,1.15,0.64,1
2022-10-21,107.37,110.04,107.37,109.64,698550,2.27,2.67,2.07,2.44,1.34,1
2022-10-20,107.99,108.89,107.41,107.61,587607,-0.38,1.48,-0.35,1.38,0.74,-1
2022-10-19,106.98,108.85,106.98,107.73,868741,0.75,1.87,0.7,1.74,0.93,-1
2022-10-18,109.89,110.05,107.26,108.07,642912,-1.82,2.79,-1.68,2.58,1.39,1
2022-10-17,107.83,108.71,107.59,107.82,904280,-0.01,1.12,-0.01,1.04,0.56,1
2022-10-14,107.07,107.6,105.72,106.17,657750,-0.9,1.88,-0.85,1.77,0.94,-1
2022-10-13,104.26,108.16,103.55,106.6,1936371,2.34,4.61,2.2,4.32,2.3,1
2022-10-12,106.01,106.84,105.38,105.95,784363,-0.06,1.47,-0.06,1.38,0.73,1
2022-10-11,106.99,107.11,105.5,105.77,831941,-1.22,1.61,-1.15,1.52,0.8,-1
2022-10-10,110.05,110.12,106.46,107.06,983619,-2.99,3.67,-2.79,3.42,1.83,-1
2022-10-07,110.84,111.47,109.05,109.81,513744,-1.03,2.42,-0.94,2.2,1.21,-1
2022-10-06,112.51,113.54,111.98,112.05,453951,-0.46,1.56,-0.41,1.39,0.78,-1
2022-10-05,111.69,113.32,110.87,112.97,856272,1.28,2.45,1.13,2.17,1.22,1
2022-10-04,109.97,113.0,109.97,112.9,1311105,2.93,3.03,2.6,2.68,1.52,1
2022-10-03,106.85,108.86,106.64,108.56,757778,1.71,2.22,1.58,2.04,1.11,1
2022-09-30,107.43,108.79,106.46,106.46,1034473,-0.97,2.33,-0.91,2.19,1.17,-1
2022-09-29,108.5,108.66,106.25,107.48,1259945,-1.02,2.41,-0.95,2.24,1.2,-1
2022-09-28,107.87,109.68,107.79,109.21,612241,1.34,1.89,1.23,1.74,0.95,1
2022-09-27,108.4,109.15,107.73,108.2,574154,-0.2,1.42,-0.18,1.31,0.71,1
2022-09-26,109.2,109.65,107.64,107.71,1038613,-1.49,2.01,-1.38,1.87,1.01,-1
2022-09-23,110.53,110.87,108.86,109.6,910085,-0.93,2.01,-0.85,1.83,1.01,-1
2022-09-22,110.3,111.26,109.84,110.81,891447,0.51,1.42,0.46,1.28,0.71,-1
2022-09-21,111.75,113.56,110.95,111.0,870775,-0.75,2.61,-0.68,2.35,1.3,-1
2022-09-20,111.55,111.88,110.67,111.0,1279856,-0.55,1.21,-0.5,1.09,0.6,-1
2022-09-19,111.3,112.78,111.14,112.47,1170694,1.17,1.64,1.04,1.46,0.82,1
2022-09-16,112.66,113.4,111.48,112.44,5543194,-0.22,1.92,-0.2,1.71,0.96,-1
2022-09-15,115.34,115.91,113.36,113.67,1455513,-1.67,2.55,-1.47,2.24,1.27,-1
2022-09-14,115.33,116.38,114.85,116.12,1717348,0.79,1.53,0.68,1.32,0.77,1
2022-09-13,116.17,116.7,114.93,115.11,1294485,-1.06,1.76,-0.92,1.53,0.88,-1
2022-09-12,118.11,119.4,117.73,118.68,2290697,0.57,1.67,0.48,1.41,0.84,1
2022-09-09,117.5,118.85,117.34,118.12,711819,0.62,1.51,0.52,1.28,0.75,1
2022-09-08,114.94,116.97,114.76,116.97,714026,2.03,2.21,1.74,1.89,1.1,1
2022-09-07,114.37,115.87,114.23,115.62,347421,1.25,1.64,1.08,1.42,0.82,1
2022-09-06,115.22,115.8,114.07,114.51,631512,-0.71,1.73,-0.62,1.51,0.87,-1
2022-09-02,116.1,117.74,115.08,115.66,770487,-0.44,2.67,-0.38,2.3,1.33,1
2022-09-01,113.77,115.0,113.18,114.82,1147955,1.05,1.82,0.91,1.59,0.91,-1
2022-08-31,117.77,117.9,116.0,116.03,905264,-1.74,1.9,-1.5,1.64,0.95,-1
2022-08-30,119.27,119.27,116.62,117.55,725527,-1.72,2.65,-1.46,2.25,1.32,-1
2022-08-29,118.49,119.14,117.5,118.28,583761,-0.21,1.64,-0.18,1.38,0.82,-1
2022-08-26,121.99,122.6,118.64,118.71,997482,-3.28,3.96,-2.76,3.34,1.98,-1
2022-08-25,119.93,122.33,119.14,121.7,1147801,1.77,3.19,1.45,2.62,1.59,1
2022-08-24,118.28,119.84,118.28,118.95,482981,0.67,1.56,0.56,1.31,0.78,1
2022-08-23,117.75,119.9,117.75,118.26,778336,0.51,2.15,0.43,1.82,1.08,1
2022-08-22,120.11,120.3,117.81,118.05,803499,-2.06,2.48,-1.75,2.11,1.24,-1
2022-08-19,121.92,121.98,121.31,121.58,503801,-0.34,0.67,-0.28,0.55,0.34,-1
2022-08-18,121.07,122.91,121.01,122.44,973852,1.37,1.9,1.12,1.55,0.95,1
2022-08-17,120.94,121.69,120.69,120.98,886094,0.04,1.0,0.03,0.83,0.5,-1
2022-08-16,122.32,123.25,121.58,122.64,761219,0.32,1.67,0.26,1.36,0.83,1
2022-08-15,120.96,122.63,120.96,122.42,773662,1.46,1.67,1.19,1.36,0.84,1
2022-08-12,121.02,122.55,120.37,121.96,1165415,0.94,2.18,0.77,1.79,1.09,1
2022-08-11,120.81,121.67,120.01,120.11,1690778,-0.7,1.66,-0.58,1.38,0.83,1
2022-08-10,118.41,120.23,118.31,120.03,1256024,1.62,1.92,1.35,1.6,0.96,1
2022-08-09,116.56,117.0,115.87,116.56,1339849,0.0,1.13,0.0,0.97,0.56,-1
2022-08-08,117.26,118.36,116.6,117.21,811647,-0.05,1.76,-0.04,1.5,0.88,-1
2022-08-05,115.53,117.77,115.53,117.25,1774201,1.72,2.24,1.47,1.91,1.12,1
2022-08-04,116.88,117.79,116.76,117.0,1119212,0.12,1.03,0.1,0.88,0.52,1
2022-08-03,116.31,117.97,115.81,116.88,1138319,0.57,2.16,0.49,1.85,1.08,1
2022-08-02,115.14,116.59,114.76,115.74,657379,0.6,1.83,0.52,1.58,0.91,-1
2022-08-01,114.92,116.57,114.91,116.17,625462,1.25,1.66,1.08,1.43,0.83,-1
2022-07-29,116.85,117.5,115.96,116.2,943958,-0.65,1.54,-0.56,1.33,0.77,-1
2022-07-28,115.34,116.86,114.22,116.36,749739,1.02,2.64,0.88,2.27,1.32,1
2022-07-27,113.6,116.46,113.51,115.73,916845,2.13,2.95,1.84,2.55,1.47,1
2022-07-26,113.42,114.65,113.1,113.45,748810,0.03,1.55,0.03,1.36,0.77,-1
2022-07-25,113.93,114.24,113.02,113.47,725062,-0.46,1.22,-0.41,1.08,0.61,-1
2022-07-22,115.47,116.24,113.52,113.6,963278,-1.87,2.72,-1.65,2.39,1.36,-1
2022-07-21,115.11,115.62,114.58,115.27,1248631,0.16,1.04,0.14,0.9,0.52,-1
2022-07-20,114.7,116.6,113.67,115.49,1162544,0.79,2.94,0.68,2.54,1.47,1
2022-07-19,111.74,114.62,111.58,114.14,1204598,2.4,3.04,2.1,2.66,1.52,1
2022-07-18,111.87,113.25,110.9,110.9,2039077,-0.97,2.35,-0.87,2.12,1.17,1
2022-07-15,109.29,111.34,109.0,110.62,3086508,1.33,2.34,1.2,2.12,1.17,1
2022-07-14,109.47,109.76,107.74,108.89,1724550,-0.58,2.02,-0.53,1.86,1.01,-1
2022-07-13,109.17,111.67,108.53,109.95,1115618,0.78,3.14,0.71,2.86,1.57,-1
2022-07-12,112.3,113.02,110.24,110.66,1179295,-1.64,2.78,-1.48,2.51,1.39,-1
2022-07-11,112.0,112.96,109.79,112.3,1784317,0.3,3.17,0.27,2.82,1.58,-1
2022-07-08,114.35,115.03,113.58,113.6,1035466,-0.75,1.45,-0.66,1.28,0.73,-1
2022-07-07,113.5,115.8,112.82,115.47,945496,1.97,2.98,1.71,2.58,1.49,1
2022-07-06,112.39,113.72,112.33,112.96,1779887,0.57,1.39,0.5,1.23,0.7,-1
2022-07-05,112.0,115.53,111.19,114.03,1551180,2.03,4.34,1.78,3.81,2.17,-1
2022-07-01,113.26,114.36,112.33,114.06,653811,0.8,2.03,0.7,1.78,1.02,1
2022-06-30,113.95,115.04,113.3,113.98,1401863,0.03,1.73,0.03,1.52,0.87,-1
2022-06-29,116.2,116.2,114.32,114.99,909857,-1.21,1.88,-1.05,1.63,0.94,-1
2022-06-28,119.05,120.53,115.88,116.25,1253377,-2.8,4.65,-2.41,4.0,2.33,-1
2022-06-27,118.19,118.5,116.88,117.66,809695,-0.53,1.62,-0.45,1.38,0.81,-1
2022-06-24,116.41,118.12,114.81,117.96,2206519,1.55,3.31,1.31,2.81,1.66,1
2022-06-23,116.53,117.14,114.64,114.7,1852544,-1.83,2.5,-1.6,2.18,1.25,-1
2022-06-22,116.11,118.73,116.11,117.21,1128415,1.1,2.62,0.94,2.24,1.31,1
2022-06-21,116.96,119.09,116.94,117.19,1661604,0.23,2.15,0.2,1.83,1.08,1
2022-06-17,116.19,119.98,114.75,116.22,6141836,0.03,5.23,0.03,4.5,2.62,1
2022-06-16,118.77,119.15,115.11,116.17,2227552,-2.6,4.04,-2.24,3.48,2.02,-1
2022-06-15,122.46,122.91,119.74,120.87,1615502,-1.59,3.17,-1.32,2.62,1.58,-1
2022-06-14,122.15,122.49,121.01,121.32,1665548,-0.83,1.48,-0.68,1.22,0.74,-1
2022-06-13,122.5,124.48,121.97,122.51,1702838,0.01,2.51,0.01,2.05,1.26,-1
2022-06-10,125.43,127.1,124.98,125.41,1498452,-0.02,2.12,-0.02,1.69,1.06,-1
2022-06-09,128.56,130.4,127.04,127.06,2262512,-1.5,3.36,-1.18,2.64,1.68,-1
2022-06-08,130.32,130.34,128.13,128.89,1817521,-1.43,2.21,-1.11,1.71,1.11,-1
2022-06-07,129.93,131.19,129.38,130.68,1854569,0.75,1.81,0.57,1.39,0.91,-1
2022-06-06,131.75,131.93,129.37,130.8,2079905,-0.95,2.56,-0.73,1.95,1.28,-1
2022-06-03,130.18,132.15,129.85,131.99,3306521,1.81,2.3,1.37,1.74,1.15,1
2022-06-02,128.7,131.71,128.57,131.69,2602422,2.99,3.14,2.27,2.38,1.57,1
2022-06-01,129.32,131.26,128.36,129.41,2600286,0.09,2.9,0.07,2.24,1.45,1
2022-05-31,127.55,131.48,126.33,128.1,5186785,0.55,5.15,0.43,4.02,2.57,-1
2022-05-27,124.11,130.67,124.08,129.26,5826066,5.15,6.59,3.98,5.1,3.29,1
2022-05-26,120.0,125.82,119.59,124.36,10016108,4.36,6.23,3.51,5.01,3.11,1
2022-05-25,116.2,123.1,116.02,120.54,5378892,4.34,7.08,3.6,5.87,3.54,1
2022-05-24,119.09,119.85,114.57,115.94,6053155,-3.15,5.28,-2.72,4.55,2.64,-1
2022-05-23,113.31,125.87,111.56,119.43,16001840,6.12,14.31,5.12,11.98,7.16,1
2022-05-20,95.81,96.19,93.12,95.71,1237223,-0.1,3.06,-0.1,3.2,1.53,1
2022-05-19,92.86,95.72,91.53,94.95,1533010,2.09,4.19,2.2,4.41,2.09,1
2022-05-18,100.0,100.72,92.76,93.63,1589007,-6.37,7.96,-6.8,8.5,3.98,-1
2022-05-17,102.09,102.53,100.57,101.5,1126228,-0.59,1.96,-0.58,1.93,0.98,1
2022-05-16,100.23,101.69,99.6,100.6,1129883,0.37,2.09,0.37,2.08,1.05,1
2022-05-13,100.3,101.33,99.03,100.18,1159195,-0.12,2.3,-0.12,2.3,1.15,1
2022-05-12,97.85,100.1,97.58,99.61,1620816,1.76,2.52,1.77,2.53,1.26,1
2022-05-11,97.18,99.6,97.18,98.16,1819806,0.98,2.42,1.0,2.47,1.21,1
2022-05-10,100.0,100.65,96.58,97.57,1415492,-2.43,4.07,-2.49,4.17,2.04,-1
2022-05-09,99.41,100.09,98.58,99.19,1635409,-0.22,1.51,-0.22,1.52,0.76,-1
2022-05-06,102.85,102.85,99.1,100.63,1561537,-2.22,3.75,-2.21,3.73,1.88,-1
2022-05-05,108.63,108.63,103.22,104.52,1025472,-4.11,5.41,-3.93,5.18,2.7,-1
2022-05-04,108.66,110.02,106.5,109.85,998201,1.19,3.52,1.08,3.21,1.76,1
2022-05-03,109.75,110.42,108.19,109.0,900182,-0.75,2.23,-0.69,2.05,1.12,-1
2022-05-02,108.3,110.14,107.78,109.74,820089,1.44,2.36,1.31,2.15,1.18,1
2022-04-29,110.0,110.98,107.92,108.04,1572025,-1.96,3.06,-1.81,2.83,1.53,-1
2022-04-28,109.21,112.18,108.83,110.88,934434,1.67,3.36,1.51,3.03,1.68,1
2022-04-27,106.9,108.23,105.69,107.94,909737,1.04,2.54,0.96,2.35,1.27,1
2022-04-26,109.62,109.79,106.92,107.03,1007679,-2.59,2.87,-2.42,2.68,1.44,-1
2022-04-25,108.0,110.34,106.75,110.17,1107727,2.17,3.59,1.97,3.26,1.8,1
2022-04-22,110.11,110.98,108.12,108.18,801847,-1.93,2.85,-1.78,2.64,1.43,-1
2022-04-21,112.12,112.89,110.04,110.32,769836,-1.8,2.85,-1.63,2.58,1.42,-1
2022-04-20,112.34,114.68,110.62,111.2,1353479,-1.14,4.06,-1.03,3.65,2.03,-1
2022-04-19,108.9,112.28,108.16,111.67,866728,2.77,4.12,2.48,3.69,2.06,1
2022-04-18,113.24,113.45,108.86,109.47,1361293,-3.77,4.59,-3.44,4.19,2.29,-1
2022-04-14,114.35,115.36,113.46,113.73,1069228,-0.62,1.9,-0.55,1.67,0.95,-1
2022-04-13,111.95,114.68,111.95,114.25,1333864,2.3,2.73,2.01,2.39,1.37,1
2022-04-12,111.59,113.91,111.59,111.79,1150668,0.2,2.32,0.18,2.08,1.16,1
2022-04-11,110.29,112.4,109.82,111.11,771545,0.82,2.58,0.74,2.32,1.29,1
2022-04-08,111.26,111.68,109.95,111.05,876406,-0.21,1.73,-0.19,1.56,0.87,-1
2022-04-07,110.78,111.64,109.7,111.25,1492214,0.47,1.94,0.42,1.74,0.97,1
2022-04-06,113.78,114.33,110.49,111.01,1092886,-2.77,3.84,-2.5,3.46,1.92,-1
2022-04-05,115.15,117.0,115.01,115.53,1427125,0.38,1.99,0.33,1.72,0.99,-1
2022-04-04,114.4,115.89,113.34,115.84,1281203,1.44,2.55,1.24,2.2,1.27,1
2022-04-01,113.5,114.77,113.15,114.21,971417,0.71,1.62,0.62,1.42,0.81,1
2022-03-31,114.51,115.53,113.62,113.87,1621959,-0.64,1.91,-0.56,1.68,0.95,-1
2022-03-30,118.69,118.69,116.04,116.19,1513936,-2.5,2.64,-2.15,2.28,1.32,-1
2022-03-29,119.89,120.08,118.21,119.23,1207413,-0.66,1.87,-0.55,1.57,0.94,1
2022-03-28,117.9,119.11,117.49,118.76,982998,0.86,1.62,0.72,1.36,0.81,1
2022-03-25,117.86,118.41,115.94,118.37,1562627,0.51,2.47,0.43,2.09,1.23,1
2022-03-24,117.01,117.39,115.83,117.37,782675,0.36,1.56,0.31,1.33,0.78,1
2022-03-23,116.19,116.9,115.53,116.32,1872353,0.13,1.36,0.11,1.17,0.68,-1
2022-03-22,116.0,117.1,115.31,116.8,1051997,0.8,1.79,0.68,1.53,0.89,1
2022-03-21,115.23,116.25,114.28,115.21,1314940,-0.02,1.97,-0.02,1.71,0.98,-1
2022-03-18,113.07,115.68,111.95,115.31,3315288,2.24,3.73,1.94,3.23,1.87,1
2022-03-17,112.68,114.05,111.08,113.78,1636505,1.1,2.97,0.97,2.61,1.48,1
2022-03-16,111.97,113.42,110.14,113.0,1940701,1.03,3.28,0.91,2.9,1.64,1
2022-03-15,109.96,111.25,109.64,111.16,1662000,1.2,1.61,1.08,1.45,0.8,1
2022-03-14,110.52,110.52,107.57,108.69,1853525,-1.83,2.95,-1.68,2.71,1.47,-1
2022-03-11,114.35,114.73,110.4,110.6,1375865,-3.75,4.33,-3.39,3.92,2.16,-1
2022-03-10,113.41,115.27,112.99,114.01,1056770,0.6,2.28,0.53,2.0,1.14,-1
2022-03-09,112.37,115.8,111.82,114.83,1834027,2.46,3.98,2.14,3.47,1.99,1
2022-03-08,111.34,112.29,107.88,109.89,2470858,-1.45,4.41,-1.32,4.01,2.21,-1
2022-03-07,119.12,119.27,112.32,112.38,2263121,-6.74,6.95,-6.0,6.18,3.48,-1
2022-03-04,119.59,120.06,117.02,119.26,1876021,-0.33,3.04,-0.28,2.55,1.52,-1
2022-03-03,118.53,120.48,116.04,120.1,2335934,1.57,4.44,1.31,3.7,2.22,1
2022-03-02,116.64,120.72,116.49,119.6,1915756,2.96,4.23,2.47,3.53,2.11,1
2022-03-01,117.0,117.74,115.27,115.91,2316275,-1.09,2.47,-0.94,2.13,1.24,-1
2022-02-28,115.72,118.35,114.16,117.32,2630203,1.6,4.19,1.36,3.57,2.09,-1
2022-02-25,115.0,120.3,111.5,118.14,3260830,3.14,8.8,2.66,7.45,4.4,1
2022-02-24,115.04,118.73,114.34,118.12,2947654,3.08,4.39,2.61,3.72,2.2,1
2022-02-23,120.72,121.34,117.93,118.08,1357251,-2.64,3.41,-2.24,2.89,1.7,-1
2022-02-22,120.42,122.55,118.67,120.38,1666921,-0.04,3.88,-0.03,3.22,1.94,-1
2022-02-18,124.0,124.76,121.92,122.67,1330241,-1.33,2.84,-1.08,2.32,1.42,-1
2022-02-17,125.0,128.0,124.3,124.4,1305115,-0.6,3.7,-0.48,2.97,1.85,-1
2022-02-16,125.79,126.75,124.57,125.9,808769,0.11,2.18,0.09,1.73,1.09,-1
2022-02-15,124.08,127.08,124.08,126.79,1432338,2.71,3.0,2.14,2.37,1.5,1
2022-02-14,124.08,125.65,122.94,123.58,1913746,-0.5,2.71,-0.4,2.19,1.36,-1
2022-02-11,132.9,133.13,124.63,125.09,3608309,-7.81,8.5,-6.24,6.8,4.25,-1
2022-02-10,135.0,136.85,131.97,133.77,2397986,-1.23,4.88,-0.92,3.65,2.44,-1
2022-02-09,133.47,136.0,132.98,135.87,2178851,2.4,3.02,1.77,2.22,1.51,1
2022-02-08,131.53,133.3,129.75,132.5,1957157,0.97,3.55,0.73,2.68,1.78,1
2022-02-07,131.69,132.54,130.05,131.72,1204149,0.03,2.49,0.02,1.89,1.24,1
2022-02-04,130.0,131.93,129.4,131.07,1081288,1.07,2.53,0.82,1.93,1.26,1
2022-02-03,129.31,131.67,128.78,129.97,1546375,0.66,2.89,0.51,2.22,1.44,-1
2022-02-02,128.01,130.95,127.25,130.8,1696993,2.79,3.7,2.13,2.83,1.85,1
2022-02-01,128.36,129.23,126.18,128.47,1452487,0.11,3.05,0.09,2.37,1.52,-1
2022-01-31,128.4,130.5,127.66,128.48,1833079,0.08,2.84,0.06,2.21,1.42,-1
2022-01-28,124.62,129.24,123.91,129.14,1713303,4.52,5.33,3.5,4.13,2.67,1
2022-01-27,123.42,126.38,123.01,124.76,1865886,1.34,3.37,1.07,2.7,1.68,1
2022-01-26,124.81,125.1,121.64,122.36,1454206,-2.45,3.46,-2.0,2.83,1.73,-1
2022-01-25,121.5,124.49,120.45,122.65,3067549,1.15,4.04,0.94,3.29,2.02,-1
2022-01-24,121.0,125.49,120.5,125.19,2538181,4.19,4.99,3.35,3.99,2.49,1
2022-01-21,125.58,126.5,123.42,123.74,2120369,-1.84,3.08,-1.49,2.49,1.54,-1
2022-01-20,125.0,127.16,124.8,124.96,1424563,-0.04,2.36,-0.03,1.89,1.18,1
2022-01-19,126.0,128.54,124.08,124.21,2777044,-1.79,4.46,-1.44,3.59,2.23,-1
2022-01-18,125.05,126.96,124.0,124.71,2541793,-0.34,2.96,-0.27,2.37,1.48,-1
2022-01-14,123.01,125.19,122.98,125.18,1556353,2.17,2.21,1.73,1.77,1.1,1
2022-01-13,124.77,124.77,121.88,123.4,1276695,-1.37,2.89,-1.11,2.35,1.45,1
2022-01-12,124.35,125.75,122.24,122.9,1347543,-1.45,3.51,-1.18,2.86,1.76,-1
2022-01-11,123.08,124.82,122.81,124.26,2351759,1.18,2.01,0.95,1.62,1.0,1
2022-01-10,120.86,122.6,119.21,122.54,1906280,1.68,3.39,1.37,2.77,1.7,1
2022-01-07,119.81,121.12,118.92,120.46,1654561,0.65,2.2,0.54,1.83,1.1,1
2022-01-06,120.25,122.5,119.56,120.12,1690816,-0.13,2.94,-0.11,2.45,1.47,-1
2022-01-05,120.13,124.65,120.06,120.98,3194239,0.85,4.59,0.7,3.79,2.3,1
2022-01-04,118.56,121.27,118.56,120.5,2276878,1.94,2.71,1.61,2.25,1.35,1
2022-01-03,116.0,118.73,115.03,118.2,1512901,2.2,3.7,1.86,3.13,1.85,1
2021-12-31,117.0,117.99,115.82,115.88,1050384,-1.12,2.17,-0.97,1.87,1.09,-1
2021-12-30,118.4,118.48,117.21,117.26,977634,-1.14,1.27,-0.97,1.08,0.64,-1
2021-12-29,117.55,118.38,117.32,117.88,988260,0.33,1.07,0.28,0.9,0.53,1
2021-12-28,116.44,118.15,116.32,117.48,1459666,1.04,1.83,0.89,1.56,0.92,1
2021-12-27,116.87,118.19,115.97,116.28,973977,-0.59,2.22,-0.51,1.91,1.11,-1
2021-12-23,115.45,117.7,115.26,116.89,2156575,1.44,2.44,1.23,2.09,1.22,1
2021-12-22,116.25,117.42,114.25,115.4,3037127,-0.85,3.17,-0.74,2.74,1.58,-1
2021-12-21,116.06,116.89,115.21,115.88,1985438,-0.18,1.68,-0.16,1.45,0.84,1
2021-12-20,113.5,115.49,113.4,114.99,2020312,1.49,2.09,1.3,1.82,1.04,1
2021-12-17,113.69,116.31,113.69,114.79,4700933,1.1,2.62,0.96,2.28,1.31,1
2021-12-16,114.37,116.22,113.75,114.42,2986263,0.05,2.47,0.04,2.16,1.23,1
2021-12-15,110.71,114.02,110.32,113.29,2589263,2.58,3.7,2.28,3.26,1.85,1
2021-12-14,111.32,112.11,108.8,110.44,2154208,-0.88,3.31,-0.8,3.0,1.66,-1
2021-12-13,112.71,114.0,111.78,111.88,2048912,-0.83,2.22,-0.74,1.99,1.11,-1
2021-12-10,113.41,114.19,111.85,113.1,2209324,-0.31,2.34,-0.27,2.07,1.17,1
2021-12-09,115.09,115.44,112.34,112.78,2922575,-2.31,3.1,-2.05,2.75,1.55,-1
2021-12-08,114.14,115.2,112.63,114.78,3566151,0.64,2.57,0.56,2.24,1.29,-1
2021-12-07,117.54,119.66,116.34,116.65,3120700,-0.89,3.33,-0.76,2.85,1.66,1
2021-12-06,115.85,117.73,112.48,115.58,3161155,-0.27,5.25,-0.23,4.54,2.62,-1
2021-12-03,118.08,119.47,116.55,118.86,3832136,0.78,2.92,0.66,2.46,1.46,1
2021-12-02,113.87,118.32,113.87,117.34,2790439,3.47,4.45,2.96,3.79,2.22,1
2021-12-01,118.01,119.19,113.94,114.0,2559561,-4.01,5.25,-3.52,4.6,2.62,-1
2021-11-30,120.58,120.93,115.23,116.74,4972817,-3.84,5.7,-3.29,4.88,2.85,-1
2021-11-29,121.16,121.75,119.36,120.38,2705281,-0.78,2.39,-0.65,1.99,1.2,-1
2021-11-26,117.1,123.13,117.07,121.9,2275867,4.8,6.06,3.94,4.97,3.03,1
2021-11-24,119.71,122.19,117.05,118.7,3951984,-1.01,5.14,-0.85,4.33,2.57,1
2021-11-23,117.5,117.9,114.01,116.48,4783822,-1.02,3.89,-0.88,3.34,1.95,-1
2021-11-22,122.23,123.21,118.38,118.69,5099552,-3.54,4.83,-2.98,4.07,2.41,-1
2021-11-19,120.49,121.47,119.51,120.55,2721364,0.06,1.96,0.05,1.63,0.98,1
2021-11-18,123.39,123.56,120.05,120.31,3081828,-3.08,3.51,-2.56,2.92,1.76,-1
2021-11-17,125.12,126.28,122.65,123.3,2019788,-1.82,3.63,-1.48,2.94,1.81,-1
2021-11-16,126.04,126.29,124.89,124.94,1954701,-1.1,1.4,-0.88,1.12,0.7,1
2021-11-15,125.0,125.98,123.95,124.66,3011818,-0.34,2.03,-0.27,1.63,1.02,-1
2021-11-12,124.7,126.97,124.27,125.54,2777394,0.84,2.7,0.67,2.15,1.35,1
2021-11-11,125.83,127.05,123.76,124.18,3936028,-1.65,3.29,-1.33,2.65,1.64,-1
2021-11-10,128.02,133.0,124.27,124.95,3776462,-3.07,8.73,-2.46,6.99,4.36,-1
2021-11-09,128.89,130.5,127.7,128.95,2526368,0.06,2.8,0.05,2.17,1.4,1
2021-11-08,125.0,128.79,124.61,128.41,3188111,3.41,4.18,2.66,3.26,2.09,1
2021-11-05,129.56,130.21,124.08,124.55,4560076,-5.01,6.13,-4.02,4.92,3.06,-1
2021-11-04,134.4,136.0,128.2,128.27,3345990,-6.13,7.8,-4.78,6.08,3.9,-1
2021-11-03,134.5,136.27,128.72,131.68,4957263,-2.82,7.55,-2.14,5.73,3.78,-1
2021-11-02,125.59,136.06,125.4,134.87,10845009,9.28,10.66,6.88,7.9,5.33,-1
2021-11-01,151.5,154.33,150.76,152.45,2249500,0.95,3.57,0.62,2.34,1.79,1
2021-10-29,152.58,154.98,151.14,151.7,1818735,-0.88,3.84,-0.58,2.53,1.92,-1
2021-10-28,153.74,154.9,151.15,152.31,1465955,-1.43,3.75,-0.94,2.46,1.88,-1
2021-10-27,158.18,158.32,152.71,153.79,2138829,-4.39,5.61,-2.85,3.65,2.8,-1
2021-10-26,164.79,164.79,158.0,158.08,1250042,-6.71,6.79,-4.24,4.3,3.39,-1
2021-10-25,166.41,166.62,163.16,163.25,1486932,-3.16,3.46,-1.94,2.12,1.73,-1
2021-10-22,164.6,167.83,164.6,167.06,1799679,2.46,3.23,1.47,1.93,1.62,1
2021-10-21,163.48,164.77,161.45,164.7,1828355,1.22,3.32,0.74,2.02,1.66,1
2021-10-20,161.81,164.46,161.57,163.24,1817379,1.43,2.89,0.88,1.77,1.45,1
2021-10-19,158.16,162.56,158.05,161.81,1713634,3.65,4.5,2.26,2.78,2.25,1
2021-10-18,155.77,159.17,155.13,157.38,1254152,1.61,4.04,1.02,2.57,2.02,1
2021-10-15,152.62,156.74,152.23,156.39,867035,3.77,4.51,2.41,2.88,2.26,1
2021-10-14,149.59,152.93,149.37,152.36,765530,2.77,3.56,1.82,2.34,1.78,1
2021-10-13,146.89,149.17,146.6,148.86,943845,1.97,2.57,1.32,1.73,1.28,1
2021-10-12,147.59,149.18,146.2,146.56,828222,-1.03,2.98,-0.7,2.03,1.49,-1
2021-10-11,147.09,150.31,147.01,147.59,746409,0.5,3.3,0.34,2.24,1.65,-1
2021-10-08,153.66,154.2,147.21,147.83,1809874,-5.83,6.98,-3.94,4.73,3.49,-1
2021-10-07,152.0,154.82,150.35,153.68,980213,1.68,4.47,1.09,2.91,2.23,1
2021-10-06,148.1,151.74,147.12,151.4,1012793,3.3,4.62,2.18,3.05,2.31,1
2021-10-05,149.07,151.57,148.21,150.12,1025133,1.05,3.36,0.7,2.24,1.68,1
2021-10-04,151.15,152.65,147.44,148.52,1079554,-2.63,5.21,-1.77,3.51,2.61,-1
2021-10-01,150.59,152.52,149.11,151.91,679833,1.32,3.41,0.87,2.24,1.7,1
2021-09-30,150.1,151.36,146.57,148.7,965708,-1.4,4.79,-0.94,3.22,2.4,-1
2021-09-29,149.76,151.81,148.81,150.52,854508,0.76,3.0,0.5,1.99,1.5,1
2021-09-28,147.91,149.99,147.19,149.4,1369448,1.49,2.8,1.0,1.87,1.4,1
2021-09-27,144.49,149.6,144.09,149.15,1430844,4.66,5.51,3.12,3.69,2.75,1
2021-09-24,142.51,146.26,142.39,145.56,1227888,3.05,3.87,2.1,2.66,1.93,1
2021-09-23,140.08,145.1,139.3,142.16,1898287,2.08,5.79,1.46,4.07,2.9,1
2021-09-22,137.89,139.85,136.57,138.37,2285717,0.48,3.28,0.35,2.37,1.64,1
2021-09-21,139.66,140.81,137.6,138.03,1556314,-1.63,3.21,-1.18,2.33,1.61,-1
2021-09-20,137.58,139.64,137.01,138.92,1766307,1.34,2.63,0.96,1.89,1.31,-1
2021-09-17,139.91,140.63,137.8,139.67,2320841,-0.24,2.83,-0.17,2.03,1.41,-1
2021-09-16,142.04,142.43,139.38,139.89,1346128,-2.15,3.05,-1.54,2.18,1.52,-1
2021-09-15,140.4,142.22,139.03,141.9,1873654,1.5,3.19,1.06,2.25,1.59,1
2021-09-14,142.12,142.71,139.12,139.96,2226564,-2.16,3.59,-1.54,2.57,1.8,-1
2021-09-13,142.14,144.9,141.41,142.02,1931001,-0.12,3.49,-0.08,2.46,1.75,1
2021-09-10,145.92,146.25,140.81,141.32,1995073,-4.6,5.44,-3.26,3.85,2.72,-1
2021-09-09,145.22,146.45,144.31,145.55,1426552,0.33,2.14,0.23,1.47,1.07,-1
2021-09-08,145.83,146.67,145.09,145.73,1095936,-0.1,1.58,-0.07,1.08,0.79,1
2021-09-07,146.52,146.84,144.96,145.63,1413137,-0.89,1.88,-0.61,1.29,0.94,1
2021-09-03,145.9,147.98,145.06,145.11,1096113,-0.79,2.92,-0.54,2.01,1.46,-1
2021-09-02,147.18,147.31,145.62,146.17,1206731,-1.01,1.69,-0.69,1.16,0.84,-1
2021-09-01,146.96,148.3,146.16,146.86,1766911,-0.1,2.14,-0.07,1.46,1.07,-1
2021-08-31,150.08,150.39,147.75,148.87,1410563,-1.21,2.64,-0.81,1.77,1.32,-1
2021-08-30,148.03,150.59,148.03,149.59,2030775,1.56,2.56,1.04,1.71,1.28,1
2021-08-27,149.21,150.0,143.12,148.18,5420564,-1.03,6.88,-0.7,4.64,3.44,-1
2021-08-26,158.42,159.87,157.02,158.8,1842981,0.38,2.85,0.24,1.79,1.42,1
2021-08-25,157.61,160.0,156.07,158.49,829098,0.88,3.93,0.56,2.48,1.97,1
2021-08-24,157.87,158.95,156.23,156.9,947604,-0.97,2.72,-0.62,1.73,1.36,-1
2021-08-23,156.51,158.3,155.61,157.79,768431,1.28,2.69,0.81,1.7,1.34,1
2021-08-20,153.81,156.57,153.64,155.38,926302,1.57,2.93,1.01,1.89,1.47,1
2021-08-19,153.58,154.09,151.9,153.07,756843,-0.51,2.19,-0.33,1.43,1.09,-1
2021-08-18,154.61,155.79,154.32,154.47,753808,-0.14,1.47,-0.09,0.95,0.73,-1
2021-08-17,156.72,156.91,154.84,155.51,1158743,-1.21,2.07,-0.78,1.33,1.03,-1
2021-08-16,157.56,158.0,155.26,157.34,669495,-0.22,2.74,-0.14,1.74,1.37,-1
2021-08-13,156.7,157.66,156.44,157.66,644844,0.96,1.22,0.61,0.77,0.61,1
2021-08-12,156.7,157.79,156.03,156.61,634674,-0.09,1.76,-0.06,1.12,0.88,-1
2021-08-11,157.45,157.56,156.49,157.36,683212,-0.09,1.07,-0.06,0.68,0.53,1
2021-08-10,158.0,158.5,156.04,156.84,659448,-1.16,2.46,-0.74,1.57,1.23,-1
2021-08-09,156.15,158.33,155.77,157.24,868031,1.09,2.56,0.69,1.63,1.28,-1
2021-08-06,158.32,158.85,157.04,157.38,537842,-0.94,1.81,-0.6,1.15,0.91,-1
2021-08-05,157.44,158.65,157.06,158.62,572833,1.18,1.59,0.74,1.0,0.79,1
2021-08-04,156.7,157.5,155.66,156.77,610920,0.07,1.84,0.04,1.17,0.92,-1
2021-08-03,154.06,158.14,153.71,157.31,816510,3.25,4.43,2.07,2.82,2.21,1
2021-08-02,154.44,155.08,153.53,154.17,840458,-0.27,1.55,-0.18,1.01,0.78,1
2021-07-30,153.87,155.16,153.17,153.74,675452,-0.13,1.99,-0.08,1.29,1.0,-1
2021-07-29,155.07,155.8,151.94,154.67,986361,-0.4,3.87,-0.26,2.5,1.93,-1
2021-07-28,156.91,157.9,155.14,155.51,488089,-1.4,2.76,-0.9,1.77,1.38,-1
2021-07-27,156.67,159.4,155.11,156.99,619074,0.32,4.29,0.2,2.73,2.14,-1
2021-07-26,157.76,158.19,156.86,157.4,493598,-0.36,1.33,-0.23,0.84,0.66,-1
2021-07-23,157.25,158.62,156.79,158.34,635563,1.09,1.83,0.69,1.16,0.92,1
2021-07-22,156.32,158.0,155.58,156.92,421767,0.6,2.42,0.38,1.54,1.21,1
2021-07-21,155.36,157.37,154.72,156.32,675222,0.96,2.65,0.61,1.7,1.33,1
2021-07-20,151.75,156.5,151.43,155.31,1162212,3.56,5.07,2.29,3.26,2.53,1
2021-07-19,148.34,151.68,147.85,150.84,868090,2.5,3.83,1.66,2.54,1.92,1
2021-07-16,151.86,152.16,149.78,150.07,715088,-1.79,2.38,-1.19,1.59,1.19,-1
2021-07-15,150.16,153.01,148.92,150.95,854425,0.79,4.09,0.52,2.71,2.05,1
2021-07-14,152.37,152.89,150.32,150.52,1125616,-1.85,2.57,-1.23,1.71,1.28,-1
2021-07-13,153.42,153.74,150.61,151.21,1394185,-2.21,3.13,-1.46,2.07,1.56,-1
2021-07-12,159.04,159.1,154.26,154.41,989915,-4.63,4.84,-3.0,3.13,2.42,-1
2021-07-09,158.8,159.77,157.46,159.48,828169,0.68,2.31,0.43,1.45,1.16,1
2021-07-08,156.06,159.39,155.59,158.22,834588,2.16,3.8,1.37,2.4,1.9,1
2021-07-07,157.0,158.97,156.77,158.02,651086,1.02,2.2,0.65,1.39,1.1,1
2021-07-06,157.01,158.7,155.9,156.77,650052,-0.24,2.8,-0.15,1.79,1.4,-1
2021-07-02,156.05,157.88,155.41,157.68,627795,1.63,2.47,1.03,1.57,1.23,1
2021-07-01,158.53,158.96,155.04,156.13,1314699,-2.4,3.92,-1.54,2.51,1.96,-1
2021-06-30,161.57,162.05,159.94,159.97,956185,-1.6,2.11,-1.0,1.32,1.06,-1
2021-06-29,160.0,164.0,159.32,161.78,980278,1.78,4.68,1.1,2.89,2.34,1
2021-06-28,157.42,159.9,156.96,159.5,880082,2.08,2.94,1.3,1.84,1.47,1
2021-06-25,157.09,158.68,156.75,157.12,1627537,0.03,1.93,0.02,1.23,0.97,1
2021-06-24,157.0,157.34,155.66,155.82,521391,-1.18,1.68,-0.76,1.08,0.84,-1
2021-06-23,158.11,158.36,155.85,155.98,655857,-2.13,2.51,-1.37,1.61,1.26,-1
2021-06-22,157.0,158.01,156.01,157.64,971623,0.64,2.0,0.41,1.27,1.0,1
2021-06-21,155.39,158.73,154.28,157.34,900801,1.95,4.45,1.24,2.83,2.22,1
2021-06-18,156.76,156.89,153.34,154.52,2334471,-2.24,3.55,-1.45,2.3,1.77,-1
2021-06-17,156.99,158.05,156.06,156.95,767995,-0.04,1.99,-0.03,1.27,1.0,-1
2021-06-16,159.18,159.61,156.4,157.36,873943,-1.82,3.21,-1.16,2.04,1.6,-1
2021-06-15,160.72,160.87,158.58,158.95,1012243,-1.77,2.29,-1.11,1.44,1.14,-1
2021-06-14,163.76,164.48,159.22,160.57,1186591,-3.19,5.27,-1.99,3.28,2.63,-1
2021-06-11,164.0,164.73,163.09,164.19,749872,0.19,1.64,0.12,1.0,0.82,1
2021-06-10,162.0,163.88,161.97,163.49,1108358,1.49,1.91,0.91,1.17,0.95,1
2021-06-09,162.87,163.4,161.83,162.0,1281936,-0.87,1.57,-0.54,0.97,0.78,-1
2021-06-08,161.8,163.43,161.38,162.07,859917,0.27,2.05,0.17,1.26,1.03,1
2021-06-07,161.47,161.74,160.27,161.15,814759,-0.32,1.47,-0.2,0.92,0.74,-1
2021-06-04,161.13,162.05,160.31,161.37,942585,0.24,1.74,0.15,1.08,0.87,1
2021-06-03,158.27,161.28,157.8,159.97,1006921,1.7,3.48,1.06,2.18,1.74,1
2021-06-02,160.23,162.73,158.91,159.6,1447411,-0.63,3.82,-0.39,2.39,1.91,-1
2021-06-01,159.34,162.37,157.6,161.26,1775874,1.92,4.77,1.19,2.96,2.39,1
2021-05-28,161.47,161.51,156.25,157.89,1655276,-3.58,5.26,-2.27,3.33,2.63,-1
2021-05-27,161.2,161.7,159.57,161.21,1509492,0.01,2.12,0.01,1.32,1.06,1
2021-05-26,161.31,162.26,160.46,160.74,858837,-0.57,1.8,-0.35,1.12,0.9,-1
2021-05-25,163.47,163.54,161.02,161.12,796171,-2.35,2.52,-1.46,1.56,1.26,-1
2021-05-24,161.52,163.5,161.16,162.19,836425,0.67,2.34,0.41,1.44,1.17,1
2021-05-21,162.57,163.9,161.09,161.38,721156,-1.19,2.81,-0.74,1.74,1.41,-1
2021-05-20,160.35,162.0,160.1,161.68,769632,1.33,1.9,0.82,1.18,0.95,1
2021-05-19,159.86,160.75,157.86,159.89,1067667,0.03,2.89,0.02,1.81,1.44,-1
2021-05-18,164.41,164.41,162.16,162.39,693998,-2.02,2.25,-1.24,1.39,1.12,-1
2021-05-17,164.04,164.82,162.89,163.48,776158,-0.56,1.93,-0.34,1.18,0.97,-1
2021-05-14,163.24,164.97,162.6,164.3,875928,1.06,2.37,0.65,1.44,1.19,1
2021-05-13,157.44,162.32,157.44,162.13,1205562,4.69,4.88,2.89,3.01,2.44,1
2021-05-12,160.13,161.35,156.19,156.48,1341390,-3.65,5.16,-2.33,3.3,2.58,-1
2021-05-11,160.87,161.5,158.36,160.97,1585741,0.1,3.14,0.06,1.95,1.57,-1
2021-05-10,162.63,164.41,162.61,163.66,1194735,1.03,1.8,0.63,1.1,0.9,1
2021-05-07,163.13,165.62,162.9,163.41,1204640,0.28,2.72,0.17,1.67,1.36,1
2021-05-06,160.36,162.6,160.18,162.33,1049761,1.97,2.42,1.21,1.49,1.21,1
2021-05-05,161.41,162.0,159.05,160.04,906800,-1.37,2.95,-0.86,1.84,1.47,-1
2021-05-04,159.1,161.2,157.32,160.68,1165615,1.58,3.88,0.98,2.41,1.94,1
2021-05-03,160.4,162.43,160.06,160.6,977731,0.2,2.37,0.12,1.48,1.19,-1
2021-04-30,161.56,162.48,159.88,160.83,709287,-0.73,2.6,-0.45,1.62,1.3,-1
2021-04-29,164.01,164.46,160.82,162.57,727860,-1.44,3.64,-0.89,2.24,1.82,1
2021-04-28,163.14,163.24,159.81,160.61,746012,-2.53,3.44,-1.58,2.14,1.72,-1
2021-04-27,162.29,163.94,161.7,162.77,752552,0.48,2.24,0.29,1.38,1.12,1
2021-04-26,166.22,166.55,161.76,161.82,884020,-4.4,4.79,-2.72,2.96,2.4,-1
2021-04-23,164.07,167.31,163.54,165.74,922780,1.67,3.77,1.01,2.27,1.89,1
2021-04-22,165.0,166.12,163.03,164.53,1180902,-0.47,3.09,-0.29,1.88,1.55,-1
2021-04-21,165.87,167.9,165.67,165.99,1032756,0.12,2.23,0.07,1.34,1.12,1
2021-04-20,169.68,169.73,165.3,165.88,1510884,-3.8,4.43,-2.29,2.67,2.21,-1
2021-04-19,164.0,172.0,163.96,170.03,2574936,6.03,8.04,3.55,4.73,4.02,1
2021-04-16,160.5,165.08,160.0,164.1,2322083,3.6,5.08,2.19,3.1,2.54,1
2021-04-15,156.79,162.89,153.61,160.08,3756936,3.29,9.28,2.06,5.8,4.64,1
2021-04-14,154.77,157.58,154.35,155.49,956872,0.72,3.23,0.46,2.07,1.61,1
2021-04-13,155.0,156.0,153.87,154.4,708892,-0.6,2.13,-0.39,1.38,1.06,-1
2021-04-12,154.2,155.97,153.26,154.72,624356,0.52,2.71,0.34,1.75,1.36,1
2021-04-09,152.56,154.28,152.01,154.0,517707,1.44,2.27,0.94,1.47,1.14,1
2021-04-08,153.54,154.0,150.27,152.56,694280,-0.98,3.73,-0.64,2.44,1.86,-1
2021-04-07,151.0,156.25,151.0,153.57,922549,2.57,5.25,1.67,3.42,2.62,1
2021-04-06,152.01,152.4,150.18,150.72,955877,-1.29,2.22,-0.86,1.47,1.11,-1
2021-04-05,151.79,154.11,151.01,152.45,825155,0.66,3.1,0.43,2.03,1.55,1
2021-04-01,152.27,152.74,150.83,152.4,732393,0.13,1.91,0.09,1.25,0.95,1
2021-03-31,150.84,151.69,149.04,150.45,833431,-0.39,2.65,-0.26,1.76,1.33,1
2021-03-30,154.06,155.23,149.82,150.19,1036238,-3.87,5.41,-2.58,3.6,2.71,-1
2021-03-29,153.0,156.6,151.49,154.61,1482344,1.61,5.11,1.04,3.3,2.55,1
2021-03-26,147.16,154.0,146.84,153.94,1662696,6.78,7.16,4.4,4.65,3.58,1
2021-03-25,143.11,146.63,142.74,146.59,1170817,3.48,3.89,2.37,2.65,1.94,1
2021-03-24,144.97,146.53,144.45,144.54,912049,-0.43,2.08,-0.3,1.44,1.04,-1
2021-03-23,146.55,147.19,144.28,144.71,807657,-1.84,2.91,-1.27,2.01,1.45,-1
2021-03-22,145.28,147.29,145.2,146.0,890789,0.72,2.09,0.49,1.43,1.05,1
2021-03-19,147.0,148.63,145.7,145.98,1771349,-1.02,2.93,-0.7,2.01,1.47,-1
2021-03-18,148.48,149.8,146.44,146.92,1039863,-1.56,3.36,-1.06,2.29,1.68,-1
2021-03-17,147.52,150.74,146.92,149.85,844647,2.33,3.83,1.55,2.55,1.91,1
2021-03-16,149.09,150.51,147.19,147.85,1043056,-1.24,3.32,-0.84,2.25,1.66,-1
2021-03-15,148.16,149.45,147.29,149.43,884293,1.27,2.16,0.85,1.45,1.08,1
2021-03-12,147.2,148.38,145.7,148.16,871380,0.96,2.68,0.65,1.81,1.34,1
2021-03-11,148.0,149.17,146.78,147.54,1070935,-0.46,2.39,-0.31,1.62,1.2,1
2021-03-10,145.53,146.48,143.36,145.84,1006565,0.31,3.11,0.21,2.14,1.56,1
2021-03-09,145.38,147.74,144.12,144.38,1069810,-1.0,3.62,-0.69,2.51,1.81,1
2021-03-08,143.67,147.99,143.17,143.63,1413836,-0.04,4.82,-0.03,3.36,2.41,-1
2021-03-05,140.0,144.08,138.58,143.89,1569760,3.89,5.5,2.7,3.82,2.75,1
2021-03-04,138.54,140.17,135.85,139.07,1491445,0.53,4.32,0.38,3.11,2.16,-1
2021-03-03,139.0,139.89,137.71,139.07,919021,0.07,2.18,0.05,1.57,1.09,-1
2021-03-02,140.99,141.14,138.86,139.24,966982,-1.75,2.28,-1.26,1.64,1.14,-1
2021-03-01,138.51,143.58,138.12,140.41,1664426,1.9,5.46,1.35,3.89,2.73,1
2021-02-26,141.5,144.24,137.92,138.21,2163482,-3.29,6.32,-2.38,4.57,3.16,-1
2021-02-25,146.32,147.5,142.69,143.53,1774026,-2.79,4.81,-1.94,3.35,2.41,-1
2021-02-24,144.3,147.4,143.98,146.76,1050739,2.46,3.42,1.68,2.33,1.71,1
2021-02-23,142.97,144.22,139.61,144.18,1143520,1.21,4.61,0.84,3.2,2.3,1
2021-02-22,143.91,147.13,142.54,143.87,1141625,-0.04,4.59,-0.03,3.19,2.3,-1
2021-02-19,142.94,144.81,141.81,144.68,890801,1.74,3.0,1.2,2.07,1.5,1
2021-02-18,141.3,143.4,139.39,142.49,1069223,1.19,4.01,0.84,2.81,2.01,1
2021-02-17,142.35,142.65,140.01,141.31,1163894,-1.04,2.64,-0.74,1.87,1.32,-1
2021-02-16,146.51,147.03,141.87,143.19,844740,-3.32,5.16,-2.32,3.61,2.58,-1
2021-02-12,141.93,145.59,141.5,145.13,868761,3.2,4.09,2.2,2.82,2.05,1
2021-02-11,144.49,145.4,142.05,143.0,1493189,-1.49,3.35,-1.04,2.34,1.67,-1
2021-02-10,147.5,148.36,144.8,146.51,1126149,-0.99,3.56,-0.68,2.43,1.78,-1
2021-02-09,146.09,148.6,146.07,147.66,866031,1.57,2.53,1.06,1.71,1.27,1
2021-02-08,146.02,148.73,146.01,146.8,865674,0.78,2.72,0.53,1.85,1.36,1
2021-02-05,146.0,146.64,144.84,145.72,921003,-0.28,1.8,-0.19,1.24,0.9,1
2021-02-04,143.39,146.0,142.56,144.68,872447,1.29,3.44,0.89,2.38,1.72,1
2021-02-03,143.2,145.11,142.07,142.34,1203394,-0.86,3.04,-0.6,2.14,1.52,-1
2021-02-02,142.0,143.95,141.2,142.72,1720638,0.72,2.75,0.5,1.93,1.38,1
2021-02-01,138.35,139.81,136.45,137.67,1382811,-0.68,3.36,-0.49,2.44,1.68,-1
2021-01-29,140.58,142.77,137.3,137.85,1472719,-2.73,5.47,-1.98,3.96,2.73,-1
2021-01-28,145.18,146.8,138.79,140.29,2678267,-4.89,8.01,-3.49,5.71,4.0,-1
2021-01-27,139.0,146.98,138.45,145.46,3451147,6.46,8.53,4.44,5.86,4.27,1
2021-01-26,137.33,141.44,135.11,140.58,1730150,3.25,6.33,2.31,4.5,3.16,1
2021-01-25,135.01,136.91,132.55,136.28,1585104,1.27,4.36,0.93,3.2,2.18,1
2021-01-22,133.06,135.17,131.31,134.5,1592114,1.44,3.86,1.07,2.87,1.93,1
2021-01-21,131.25,134.93,130.5,134.09,2859211,2.84,4.43,2.12,3.3,2.22,1
2021-01-20,133.25,134.15,131.75,132.67,2906369,-0.58,2.4,-0.44,1.81,1.2,1
2021-01-19,135.92,135.92,132.17,132.3,2227097,-3.62,3.75,-2.74,2.83,1.88,-1
2021-01-15,135.91,137.48,134.07,134.81,2393180,-1.1,3.41,-0.82,2.53,1.7,-1
2021-01-14,131.55,136.57,131.51,135.55,3351536,4.0,5.06,2.95,3.73,2.53,1
2021-01-13,136.0,137.72,131.61,133.2,7103935,-2.8,6.11,-2.1,4.59,3.05,-1
2021-01-12,141.24,144.87,140.56,142.91,1009982,1.67,4.31,1.17,3.01,2.15,1
2021-01-11,140.77,142.75,139.06,141.5,1152082,0.73,3.69,0.52,2.61,1.84,-1
2021-01-08,143.18,145.05,140.9,142.86,1450224,-0.32,4.15,-0.22,2.9,2.08,-1
2021-01-07,139.27,144.19,139.01,144.05,1099945,4.78,5.18,3.32,3.6,2.59,1
2021-01-06,138.61,141.96,138.32,139.39,942340,0.78,3.64,0.56,2.61,1.82,-1
2021-01-05,138.69,140.1,137.7,139.79,774914,1.1,2.4,0.79,1.71,1.2,1
2021-01-04,139.44,140.23,135.89,138.68,1010043,-0.76,4.34,-0.55,3.13,2.17,-1
2020-12-31,138.28,141.03,137.56,140.26,985690,1.98,3.47,1.41,2.48,1.74,1
2020-12-30,139.81,140.74,138.01,138.05,957869,-1.76,2.73,-1.27,1.98,1.37,-1
2020-12-29,142.98,143.77,139.04,139.42,731297,-3.56,4.73,-2.55,3.39,2.37,-1
2020-12-28,143.87,143.89,141.17,141.91,666442,-1.96,2.72,-1.38,1.91,1.36,-1
2020-12-24,141.69,143.06,141.16,142.9,346119,1.21,1.9,0.85,1.33,0.95,1
2020-12-23,140.72,144.13,140.72,142.08,940631,1.36,3.41,0.96,2.4,1.7,1
2020-12-22,142.74,142.94,140.51,140.54,897584,-2.2,2.43,-1.57,1.73,1.21,-1
2020-12-21,137.6,143.6,136.27,142.23,1685691,4.63,7.33,3.26,5.15,3.66,1
2020-12-18,148.51,149.32,137.56,140.14,4510130,-8.37,11.76,-5.97,8.4,5.88,-1
2020-12-17,145.0,148.4,144.63,148.1,1336793,3.1,3.77,2.09,2.55,1.89,1
2020-12-16,145.35,146.0,143.72,144.39,994175,-0.96,2.28,-0.66,1.58,1.14,-1
2020-12-15,144.4,145.8,142.88,144.71,981249,0.31,2.92,0.21,2.02,1.46,1
2020-12-14,142.0,145.54,142.0,143.66,1184503,1.66,3.54,1.16,2.47,1.77,1
2020-12-11,140.81,141.9,139.56,141.85,1001869,1.04,2.34,0.73,1.65,1.17,1
2020-12-10,140.52,142.33,139.57,141.84,984702,1.32,2.76,0.93,1.95,1.38,1
2020-12-09,141.42,142.47,138.7,141.16,1828303,-0.26,3.77,-0.18,2.67,1.89,-1
2020-12-08,139.4,142.27,139.05,142.18,1480586,2.78,3.22,1.96,2.26,1.61,1
2020-12-07,140.21,141.5,138.82,139.74,1429638,-0.47,2.68,-0.34,1.92,1.34,-1
2020-12-04,140.55,141.82,139.58,140.23,1441117,-0.32,2.24,-0.23,1.6,1.12,-1
2020-12-03,141.84,142.78,140.11,140.5,1478020,-1.34,2.67,-0.95,1.9,1.33,-1
2020-12-02,140.58,142.39,140.24,141.32,1416574,0.74,2.15,0.52,1.52,1.08,1
2020-12-01,141.7,141.99,139.75,140.75,1749280,-0.95,2.24,-0.67,1.59,1.12,1
2020-11-30,142.5,143.23,139.3,139.89,2051941,-2.61,3.92,-1.87,2.81,1.96,-1
2020-11-27,141.86,143.32,141.2,142.08,1012507,0.22,2.12,0.15,1.49,1.06,1
2020-11-25,145.89,146.39,139.67,141.69,4423352,-4.2,6.72,-2.96,4.74,3.36,-1
2020-11-24,149.99,151.24,147.73,150.51,1941109,0.52,3.51,0.35,2.33,1.76,1
2020-11-23,148.5,149.88,146.38,148.94,1201171,0.44,3.5,0.3,2.35,1.75,1
2020-11-20,148.09,149.72,147.64,147.8,986657,-0.29,2.08,-0.2,1.41,1.04,-1
2020-11-19,146.18,149.04,145.02,148.68,757518,2.5,4.02,1.68,2.7,2.01,1
2020-11-18,146.97,149.23,145.99,147.24,1133485,0.27,3.24,0.18,2.2,1.62,1
2020-11-17,144.6,146.2,144.34,146.09,652847,1.49,1.86,1.02,1.27,0.93,1
2020-11-16,141.69,144.65,140.77,144.6,1003084,2.91,3.88,2.01,2.68,1.94,1
2020-11-13,140.0,142.43,139.39,141.86,668586,1.86,3.04,1.31,2.14,1.52,1
2020-11-12,140.51,141.38,137.76,138.46,611437,-2.05,3.62,-1.48,2.62,1.81,-1
2020-11-11,141.68,142.58,140.3,140.56,838459,-1.12,2.28,-0.8,1.62,1.14,1
2020-11-10,140.8,141.83,136.81,139.95,927894,-0.85,5.02,-0.61,3.59,2.51,-1
2020-11-09,144.99,146.22,140.86,140.86,1133901,-4.13,5.36,-2.93,3.81,2.68,1
2020-11-06,141.22,141.62,138.87,140.29,625474,-0.93,2.75,-0.66,1.96,1.38,-1
2020-11-05,136.78,140.98,136.43,140.74,1161413,3.96,4.55,2.81,3.23,2.27,1
2020-11-04,134.07,135.78,132.26,133.74,828806,-0.33,3.52,-0.25,2.63,1.76,1
2020-11-03,128.51,132.9,127.66,131.93,941257,3.42,5.24,2.59,3.97,2.62,1
2020-11-02,130.03,131.37,126.79,127.0,1415703,-3.03,4.58,-2.39,3.61,2.29,-1
2020-10-30,129.0,130.34,126.91,128.73,1093335,-0.27,3.44,-0.21,2.67,1.72,-1
2020-10-29,129.65,130.72,128.36,129.76,1912789,0.11,2.36,0.08,1.82,1.18,-1
2020-10-28,136.0,136.58,129.7,129.89,1732034,-6.11,6.88,-4.7,5.3,3.44,-1
2020-10-27,142.46,142.76,139.05,139.1,810326,-3.36,3.71,-2.42,2.67,1.85,-1
2020-10-26,147.47,147.47,140.15,142.62,2292441,-4.85,7.32,-3.4,5.13,3.66,-1
2020-10-23,148.8,150.46,147.55,149.2,495252,0.4,2.91,0.27,1.95,1.45,1
2020-10-22,150.0,150.0,145.81,147.72,864704,-2.28,4.19,-1.54,2.84,2.09,-1
2020-10-21,149.85,151.2,148.84,149.69,603212,-0.16,2.36,-0.11,1.58,1.18,1
2020-10-20,151.36,151.78,149.49,149.56,694358,-1.8,2.29,-1.2,1.53,1.14,-1
2020-10-19,153.0,154.38,149.26,149.92,708124,-3.08,5.12,-2.05,3.42,2.56,-1
2020-10-16,154.6,155.96,152.53,152.61,652429,-1.99,3.43,-1.3,2.25,1.72,-1
2020-10-15,152.66,155.29,152.04,153.18,934938,0.52,3.25,0.34,2.12,1.62,-1
2020-10-14,156.0,157.48,154.54,155.66,877150,-0.34,2.94,-0.22,1.89,1.47,1
2020-10-13,153.39,156.0,152.68,155.04,1257492,1.65,3.32,1.06,2.14,1.66,1
2020-10-12,151.65,153.5,151.44,152.22,661838,0.57,2.06,0.37,1.35,1.03,1
2020-10-09,151.5,152.98,150.34,151.48,851700,-0.02,2.64,-0.01,1.74,1.32,1
2020-10-08,148.95,151.3,148.01,150.25,1043267,1.3,3.29,0.87,2.19,1.65,1
2020-10-07,148.29,149.12,146.95,147.75,939218,-0.54,2.17,-0.37,1.47,1.09,1
2020-10-06,145.0,148.6,144.8,147.0,1352155,2.0,3.8,1.36,2.59,1.9,1
2020-10-05,144.01,146.0,143.66,145.06,731712,1.05,2.34,0.72,1.61,1.17,1
2020-10-02,141.16,145.58,141.0,142.95,823384,1.79,4.58,1.25,3.2,2.29,-1
2020-10-01,145.0,146.42,144.2,144.7,596972,-0.3,2.22,-0.21,1.53,1.11,1
2020-09-30,144.59,146.8,142.76,143.67,866034,-0.92,4.04,-0.64,2.81,2.02,-1
2020-09-29,143.63,148.45,143.37,145.74,1960604,2.11,5.08,1.45,3.49,2.54,1
2020-09-28,143.0,144.19,142.48,142.99,938275,-0.01,1.71,-0.01,1.2,0.86,1
2020-09-25,140.38,141.84,139.48,141.65,723971,1.27,2.36,0.9,1.67,1.18,1
2020-09-24,138.5,141.26,138.0,140.38,739703,1.88,3.26,1.34,2.32,1.63,1
2020-09-23,142.89,143.37,138.98,139.02,788298,-3.87,4.39,-2.78,3.16,2.2,-1
2020-09-22,141.0,142.86,138.63,142.61,854914,1.61,4.23,1.13,2.96,2.11,1
2020-09-21,138.26,140.48,137.38,140.27,792734,2.01,3.1,1.43,2.21,1.55,-1
2020-09-18,141.08,142.95,139.76,141.19,1614785,0.11,3.19,0.08,2.26,1.59,-1
2020-09-17,142.74,143.28,140.18,141.39,1114015,-1.35,3.1,-0.95,2.19,1.55,-1
2020-09-16,143.95,147.24,143.49,144.87,1107191,0.92,3.75,0.64,2.59,1.88,1
2020-09-15,142.01,143.78,141.72,143.15,789229,1.14,2.06,0.8,1.44,1.03,1
2020-09-14,143.2,145.84,140.31,140.82,923603,-2.38,5.53,-1.69,3.93,2.77,-1
2020-09-11,141.14,143.15,139.95,142.01,1210025,0.87,3.2,0.61,2.25,1.6,1
2020-09-10,140.69,143.03,138.77,139.82,1009913,-0.87,4.26,-0.62,3.05,2.13,-1
2020-09-09,137.02,141.55,135.85,140.13,1186625,3.11,5.7,2.22,4.06,2.85,1
2020-09-08,134.46,137.32,132.86,134.48,1564399,0.02,4.46,0.01,3.32,2.23,-1
2020-09-04,141.46,143.45,135.91,137.47,1718344,-3.99,7.54,-2.9,5.48,3.77,-1
2020-09-03,146.49,148.47,140.54,144.02,1656279,-2.47,7.93,-1.72,5.51,3.97,-1
2020-09-02,142.3,147.54,141.63,147.03,1599639,4.73,5.91,3.22,4.02,2.95,1
2020-09-01,142.4,143.24,140.9,141.28,1433576,-1.12,2.34,-0.79,1.66,1.17,-1
2020-08-31,146.5,150.24,142.73,144.44,1768496,-2.06,7.51,-1.43,5.2,3.75,-1
2020-08-28,143.45,147.79,139.21,146.09,2791857,2.64,8.58,1.81,5.87,4.29,1
2020-08-27,144.69,146.9,141.77,142.9,3145722,-1.79,5.13,-1.25,3.59,2.56,-1
2020-08-26,143.14,144.09,141.64,143.59,1416105,0.45,2.45,0.31,1.71,1.23,1
2020-08-25,143.69,144.15,139.24,140.69,1169218,-3.0,4.91,-2.13,3.49,2.45,-1
2020-08-24,140.13,142.37,139.76,142.25,1066771,2.12,2.61,1.49,1.83,1.3,1
2020-08-21,138.7,139.48,137.46,138.85,1050278,0.15,2.02,0.11,1.45,1.01,-1
2020-08-20,139.09,139.27,137.36,138.92,1028529,-0.17,1.91,-0.12,1.37,0.95,-1
2020-08-19,139.52,140.84,138.51,139.26,776075,-0.26,2.33,-0.19,1.67,1.17,1
2020-08-18,136.92,139.06,136.92,138.78,1752853,1.86,2.14,1.34,1.54,1.07,1
2020-08-17,136.13,138.78,135.48,136.42,1405601,0.29,3.3,0.21,2.42,1.65,1
2020-08-14,137.15,138.28,135.07,135.85,1206294,-1.3,3.2,-0.96,2.36,1.6,-1
2020-08-13,140.0,140.12,137.17,137.18,1507134,-2.82,2.95,-2.06,2.15,1.47,-1
2020-08-12,141.0,141.66,139.3,140.72,1430532,-0.28,2.36,-0.2,1.68,1.18,-1
2020-08-11,141.82,143.38,140.57,140.87,609471,-0.95,2.81,-0.67,2.0,1.41,-1
2020-08-10,142.31,142.68,139.25,141.46,726704,-0.85,3.43,-0.6,2.42,1.72,-1
2020-08-07,143.73,144.04,140.8,142.31,630509,-1.42,3.24,-1.0,2.28,1.62,-1
2020-08-06,146.4,146.4,143.17,144.34,1011992,-2.06,3.23,-1.43,2.24,1.62,-1
2020-08-05,144.11,146.25,143.25,145.9,957159,1.79,3.0,1.23,2.06,1.5,1
2020-08-04,142.52,143.37,141.56,143.28,625638,0.76,1.81,0.53,1.26,0.91,1
2020-08-03,140.0,144.23,139.09,143.17,1163494,3.17,5.14,2.21,3.59,2.57,1
2020-07-31,140.02,140.26,136.85,140.21,878453,0.19,3.41,0.14,2.43,1.7,1
2020-07-30,138.35,139.38,135.71,138.88,825207,0.53,3.67,0.38,2.64,1.83,-1
2020-07-29,139.14,140.52,138.38,139.83,675737,0.69,2.14,0.49,1.53,1.07,1
2020-07-28,140.27,141.16,138.36,138.48,748643,-1.79,2.79,-1.29,2.02,1.4,-1
2020-07-27,140.76,141.36,138.71,141.14,931532,0.38,2.65,0.27,1.88,1.33,1
2020-07-24,141.48,141.94,139.32,140.82,789998,-0.66,2.62,-0.47,1.86,1.31,-1
2020-07-23,144.23,145.33,141.59,142.12,878821,-2.11,3.74,-1.48,2.63,1.87,-1
2020-07-22,143.74,145.58,143.0,144.23,726369,0.49,2.59,0.34,1.79,1.29,1
2020-07-21,146.25,146.9,143.08,143.42,1009733,-2.83,3.82,-1.97,2.66,1.91,-1
2020-07-20,140.41,145.35,140.28,145.01,1470121,4.6,5.07,3.17,3.5,2.53,1
2020-07-17,140.01,140.91,137.43,139.93,1648249,-0.08,3.48,-0.06,2.49,1.74,1
2020-07-16,141.0,145.85,139.53,139.87,3078176,-1.13,6.32,-0.81,4.52,3.16,1
2020-07-15,141.7,142.4,138.6,139.7,1039535,-2.0,3.8,-1.43,2.72,1.9,1
2020-07-14,137.53,138.28,134.7,138.25,1523591,0.72,3.58,0.52,2.59,1.79,-1
2020-07-13,147.0,147.05,138.32,138.4,1587754,-8.6,8.73,-6.21,6.31,4.37,-1
2020-07-10,147.64,147.73,145.72,146.09,686798,-1.55,2.01,-1.06,1.38,1.0,-1
2020-07-09,148.92,149.46,146.24,147.99,842390,-0.93,3.22,-0.63,2.18,1.61,1
2020-07-08,145.99,147.63,145.32,147.0,1229693,1.01,2.31,0.69,1.57,1.16,1
2020-07-07,148.06,148.82,145.28,145.53,1599418,-2.53,3.54,-1.74,2.43,1.77,-1
2020-07-06,151.86,152.7,149.0,149.15,1552305,-2.71,3.7,-1.82,2.48,1.85,-1
2020-07-02,155.0,155.91,149.44,149.88,1849474,-5.12,6.47,-3.42,4.32,3.23,-1
2020-07-01,154.9,157.0,152.06,153.1,1381723,-1.8,4.94,-1.18,3.23,2.47,-1
2020-06-30,152.07,156.8,150.79,154.86,2277247,2.79,6.01,1.8,3.88,3.01,1
2020-06-29,147.78,151.45,146.26,150.99,1276487,3.21,5.19,2.13,3.44,2.59,1
2020-06-26,149.68,151.63,146.28,146.5,2143578,-3.18,5.35,-2.17,3.65,2.67,-1
2020-06-25,151.94,152.26,146.96,149.45,2385357,-2.49,5.3,-1.67,3.55,2.65,-1
2020-06-24,155.55,161.95,151.94,152.73,5251465,-2.82,10.01,-1.85,6.55,5.0,1
2020-06-23,149.0,150.77,148.4,149.23,1530955,0.23,2.37,0.15,1.59,1.19,1
2020-06-22,150.0,150.83,146.41,148.0,1294619,-2.0,4.42,-1.35,2.99,2.21,-1
2020-06-19,148.23,152.0,147.42,150.69,3183069,2.46,4.58,1.63,3.04,2.29,1
2020-06-18,141.44,143.66,139.46,143.43,1385846,1.99,4.2,1.39,2.93,2.1,1
2020-06-17,141.0,143.77,140.65,141.24,1225427,0.24,3.12,0.17,2.21,1.56,1
2020-06-16,140.02,142.05,138.33,139.49,1254301,-0.53,3.72,-0.38,2.67,1.86,1
2020-06-15,133.47,137.93,132.41,136.89,1579017,3.42,5.52,2.5,4.03,2.76,1
2020-06-12,139.47,140.68,133.21,135.85,1329168,-3.62,7.47,-2.66,5.5,3.73,-1
2020-06-11,142.29,142.86,135.94,136.29,1513811,-6.0,6.92,-4.4,5.08,3.46,-1
2020-06-10,147.05,147.81,144.27,144.79,1446446,-2.26,3.54,-1.56,2.44,1.77,-1
2020-06-09,151.62,151.85,146.41,146.41,1193664,-5.21,5.44,-3.56,3.72,2.72,-1
2020-06-08,151.2,153.19,148.64,151.85,1357926,0.65,4.55,0.43,3.0,2.28,1
2020-06-05,148.96,152.19,148.7,149.77,1531142,0.81,3.49,0.54,2.33,1.75,1
2020-06-04,148.51,150.15,146.88,148.08,1318118,-0.43,3.27,-0.29,2.21,1.64,-1
2020-06-03,151.94,152.49,149.3,149.39,1221989,-2.55,3.19,-1.71,2.14,1.59,-1
2020-06-02,154.58,155.99,151.93,152.94,1678717,-1.64,4.06,-1.07,2.65,2.03,-1
2020-06-01,153.92,156.09,152.18,154.14,2119441,0.22,3.91,0.14,2.54,1.95,-1
2020-05-29,154.5,157.0,151.18,156.27,5199336,1.77,5.82,1.13,3.72,2.91,1
2020-05-28,140.32,143.72,139.61,142.44,2242174,2.12,4.11,1.49,2.89,2.05,1
2020-05-27,138.95,140.25,134.45,139.66,1267133,0.71,5.8,0.51,4.15,2.9,1
2020-05-26,139.32,139.66,136.3,137.93,1523465,-1.39,3.36,-1.01,2.44,1.68,1
2020-05-22,135.24,135.8,133.24,134.6,1389511,-0.64,2.56,-0.48,1.9,1.28,-1
2020-05-21,139.46,140.89,135.32,136.56,1194050,-2.9,5.57,-2.12,4.08,2.78,-1
2020-05-20,140.46,141.44,136.13,140.07,1152360,-0.39,5.31,-0.28,3.79,2.66,1
2020-05-19,139.0,141.68,137.72,139.31,917457,0.31,3.96,0.22,2.84,1.98,1
2020-05-18,138.0,140.73,136.96,139.03,1020055,1.03,3.77,0.74,2.71,1.88,1
2020-05-15,134.01,135.25,132.0,134.48,974783,0.47,3.25,0.35,2.42,1.62,1
2020-05-14,130.03,134.1,128.8,133.82,842683,3.79,5.3,2.83,3.96,2.65,-1
2020-05-13,137.5,139.03,132.2,134.86,1258297,-2.64,6.83,-1.96,5.06,3.42,-1
2020-05-12,141.66,141.88,136.85,138.05,1576685,-3.61,5.03,-2.61,3.64,2.52,-1
2020-05-11,139.3,142.69,138.25,141.12,1070317,1.82,4.44,1.29,3.15,2.22,1
2020-05-08,135.0,140.96,134.39,140.31,1552798,5.31,6.57,3.78,4.68,3.29,1
2020-05-07,129.02,133.76,127.97,133.3,1489720,4.28,5.79,3.21,4.34,2.89,1
2020-05-06,128.43,129.58,126.75,126.87,868414,-1.56,2.83,-1.23,2.23,1.42,1
2020-05-05,126.97,130.29,126.02,126.78,943276,-0.19,4.27,-0.15,3.37,2.13,1
2020-05-04,124.43,126.53,122.77,126.34,768003,1.91,3.76,1.51,2.98,1.88,1
2020-05-01,129.0,129.0,124.9,125.34,891391,-3.66,4.1,-2.92,3.27,2.05,-1
2020-04-30,134.05,134.32,131.0,131.52,707777,-2.53,3.32,-1.92,2.52,1.66,-1
2020-04-29,131.44,135.32,130.12,134.97,1273641,3.53,5.2,2.62,3.85,2.6,1
2020-04-28,132.14,132.53,129.2,129.63,797903,-2.51,3.33,-1.94,2.57,1.67,-1
2020-04-27,130.06,131.36,129.72,129.95,599314,-0.11,1.64,-0.08,1.26,0.82,1
2020-04-24,127.62,129.61,126.38,128.17,758700,0.55,3.23,0.43,2.52,1.62,1
2020-04-23,127.49,128.75,126.0,126.42,1026910,-1.07,2.75,-0.85,2.18,1.38,-1
2020-04-22,127.59,128.93,126.2,128.0,842342,0.41,2.73,0.32,2.13,1.37,1
2020-04-21,129.91,130.59,121.78,124.97,2040292,-4.94,8.81,-3.95,7.05,4.41,-1
2020-04-20,133.58,136.51,132.07,132.62,1719650,-0.96,4.44,-0.72,3.35,2.22,-1
2020-04-17,137.67,138.5,134.43,136.48,1436479,-1.19,4.07,-0.87,2.98,2.03,1
2020-04-16,135.24,139.13,134.09,135.3,1709833,0.06,5.04,0.04,3.73,2.52,1
2020-04-15,131.83,135.39,131.83,133.54,1561212,1.71,3.56,1.28,2.67,1.78,-1
2020-04-14,133.1,137.0,131.64,136.06,1954885,2.96,5.36,2.18,3.94,2.68,1
2020-04-13,130.29,131.89,127.77,129.93,2218596,-0.36,4.12,-0.28,3.17,2.06,-1
2020-04-09,132.0,134.65,129.84,131.43,1051038,-0.57,4.81,-0.43,3.66,2.41,1
2020-04-08,124.9,131.5,124.1,130.46,1664751,5.56,7.4,4.26,5.67,3.7,1
2020-04-07,126.29,127.67,122.64,123.55,1827484,-2.74,5.03,-2.22,4.07,2.52,1
2020-04-06,122.56,123.49,119.08,122.94,1823640,0.38,4.41,0.31,3.59,2.2,1
2020-04-03,117.86,119.8,114.73,116.97,1330896,-0.89,5.07,-0.76,4.33,2.53,-1
2020-04-02,114.57,119.0,112.25,118.2,1273632,3.63,6.75,3.07,5.71,3.38,1
2020-04-01,116.88,120.77,114.2,116.0,1454349,-0.88,6.57,-0.76,5.66,3.28,-1
2020-03-31,120.32,124.75,120.01,121.1,1581403,0.78,4.74,0.64,3.91,2.37,1
2020-03-30,116.46,123.0,116.1,120.52,1403207,4.06,6.9,3.37,5.73,3.45,1
2020-03-27,119.47,120.21,112.57,115.74,2095239,-3.73,7.64,-3.22,6.6,3.82,-1
2020-03-26,116.74,127.87,116.6,124.72,1975478,7.98,11.27,6.4,9.04,5.64,1
2020-03-25,114.0,123.28,112.07,116.2,1924503,2.2,11.21,1.89,9.65,5.61,1
2020-03-24,113.58,115.79,106.08,112.53,1678792,-1.05,9.71,-0.93,8.63,4.86,1
2020-03-23,104.67,109.36,99.27,105.74,1675816,1.07,10.09,1.01,9.54,5.05,1
2020-03-20,103.85,113.19,102.22,105.72,2554293,1.87,10.97,1.77,10.38,5.48,1
2020-03-19,91.76,105.68,86.81,100.19,2376558,8.43,18.87,8.41,18.83,9.44,1
2020-03-18,90.0,93.56,87.82,93.01,1676615,3.01,5.74,3.24,6.17,2.87,-1
2020-03-17,97.41,99.32,86.0,95.84,2296540,-1.57,13.32,-1.64,13.9,6.66,-1
2020-03-16,96.56,103.51,95.24,95.94,1811735,-0.62,8.27,-0.65,8.62,4.14,-1
2020-03-13,103.52,108.08,97.06,107.88,2184112,4.36,11.02,4.04,10.22,5.51,1
2020-03-12,96.74,101.33,96.38,97.85,2688390,1.11,4.95,1.13,5.06,2.48,-1
2020-03-11,110.67,112.21,104.27,106.01,1827376,-4.66,7.94,-4.4,7.49,3.97,-1
2020-03-10,113.93,114.49,106.2,113.84,2155900,-0.09,8.29,-0.08,7.28,4.14,1
2020-03-09,107.26,112.52,105.65,109.45,2652427,2.19,6.87,2.0,6.28,3.43,-1
2020-03-06,117.76,119.53,114.56,117.13,1952923,-0.63,4.97,-0.54,4.24,2.48,-1
2020-03-05,122.22,124.2,120.28,121.88,1937080,-0.34,3.92,-0.28,3.22,1.96,-1
2020-03-04,122.49,128.2,121.75,125.57,2274016,3.08,6.45,2.45,5.14,3.22,1
2020-03-03,121.96,126.4,116.62,120.59,2415354,-1.37,9.78,-1.14,8.11,4.89,-1
2020-03-02,120.84,122.77,116.67,121.74,3550632,0.9,6.1,0.74,5.01,3.05,1
2020-02-28,122.63,128.52,116.0,120.52,5866451,-2.11,12.52,-1.75,10.39,6.26,-1
2020-02-27,140.07,143.04,135.45,135.63,3037175,-4.44,7.59,-3.27,5.6,3.8,-1
2020-02-26,148.7,150.27,143.27,144.27,1478587,-4.43,7.0,-3.07,4.85,3.5,-1
2020-02-25,153.05,153.28,145.68,147.04,1367350,-6.01,7.6,-4.09,5.17,3.8,-1
2020-02-24,152.66,153.43,149.32,151.69,1457025,-0.97,4.11,-0.64,2.71,2.06,-1
2020-02-21,159.23,160.59,158.16,159.87,1381543,0.64,2.43,0.4,1.52,1.22,-1
2020-02-20,162.34,163.12,158.08,162.2,1136409,-0.14,5.04,-0.09,3.11,2.52,-1
2020-02-19,161.5,163.17,161.25,162.33,711838,0.83,1.92,0.51,1.18,0.96,1
2020-02-18,160.49,161.2,159.22,160.36,678308,-0.13,1.98,-0.08,1.23,0.99,-1
2020-02-14,159.07,161.97,159.0,161.82,1389010,2.75,2.97,1.7,1.84,1.48,1
2020-02-13,158.17,159.12,156.45,159.01,1031231,0.84,2.67,0.53,1.68,1.34,1
2020-02-12,157.19,159.37,157.0,158.87,1003505,1.68,2.37,1.06,1.49,1.19,1
2020-02-11,159.0,159.78,155.94,156.19,1339509,-2.81,3.84,-1.8,2.46,1.92,-1
2020-02-10,154.34,158.38,153.51,157.87,829481,3.53,4.87,2.24,3.08,2.44,1
2020-02-07,156.67,156.69,154.63,156.27,847195,-0.4,2.06,-0.26,1.32,1.03,-1
2020-02-06,156.48,158.73,155.23,157.5,1539097,1.02,3.5,0.65,2.22,1.75,1
2020-02-05,155.1,156.89,151.25,151.56,1159035,-3.54,5.64,-2.34,3.72,2.82,-1
2020-02-04,151.5,154.27,150.62,153.6,946235,2.1,3.65,1.37,2.38,1.83,1
2020-02-03,148.5,149.94,148.28,149.32,658083,0.82,1.66,0.55,1.11,0.83,1
2020-01-31,150.59,150.59,146.44,148.06,1151643,-2.53,4.15,-1.71,2.8,2.08,-1
2020-01-30,147.49,151.63,146.44,151.23,990297,3.74,5.19,2.47,3.43,2.59,1
2020-01-29,149.79,150.5,147.94,148.4,693895,-1.39,2.56,-0.94,1.73,1.28,-1
2020-01-28,146.14,149.37,146.14,148.81,818411,2.67,3.23,1.79,2.17,1.62,1
2020-01-27,147.75,147.75,145.24,145.24,1091398,-2.51,2.51,-1.73,1.73,1.25,-1
2020-01-24,153.78,157.35,150.25,150.63,1068603,-3.15,7.1,-2.09,4.71,3.55,-1
2020-01-23,150.11,153.81,149.4,153.08,1085469,2.97,4.41,1.94,2.88,2.2,1
2020-01-22,150.74,152.43,149.84,149.96,1125607,-0.78,2.59,-0.52,1.73,1.3,1
2020-01-21,151.0,151.35,148.29,148.68,1158260,-2.32,3.06,-1.56,2.06,1.53,-1
2020-01-17,153.45,153.81,150.69,151.36,792606,-2.09,3.12,-1.38,2.06,1.56,-1
2020-01-16,151.0,153.77,151.0,152.2,1084292,1.2,2.77,0.79,1.82,1.39,1
2020-01-15,152.74,152.88,149.42,149.64,988388,-3.1,3.46,-2.07,2.31,1.73,-1
2020-01-14,152.44,155.18,151.7,152.09,1178619,-0.35,3.48,-0.23,2.29,1.74,1
2020-01-13,150.81,152.26,149.52,152.0,1186443,1.19,2.74,0.78,1.8,1.37,1
2020-01-10,152.52,152.69,149.53,149.87,1050015,-2.65,3.16,-1.77,2.11,1.58,-1
2020-01-09,153.0,153.98,150.15,151.8,1200444,-1.2,3.83,-0.79,2.52,1.91,1
2020-01-08,151.35,151.93,147.6,151.55,1598406,0.2,4.33,0.13,2.86,2.17,1
2020-01-07,153.69,155.23,149.87,150.34,1261026,-3.35,5.36,-2.23,3.57,2.68,-1
2020-01-06,153.0,154.14,151.54,154.06,779666,1.06,2.6,0.69,1.69,1.3,1
2020-01-03,153.02,155.71,152.89,154.02,1058195,1.0,2.82,0.65,1.83,1.41,-1
2020-01-02,153.74,155.71,152.62,155.64,1095699,1.9,3.09,1.22,1.99,1.55,1
2019-12-31,152.13,153.25,151.43,151.79,689311,-0.34,1.82,-0.22,1.2,0.91,-1
2019-12-30,154.16,154.16,151.4,152.43,782404,-1.73,2.76,-1.13,1.81,1.38,-1
2019-12-27,153.96,154.61,152.9,154.16,695160,0.2,1.71,0.13,1.11,0.86,1
2019-12-26,152.2,153.67,152.18,153.46,596816,1.26,1.49,0.82,0.97,0.74,1
2019-12-24,152.68,152.8,150.31,151.02,422734,-1.66,2.49,-1.1,1.65,1.25,-1
2019-12-23,151.22,152.8,150.63,152.68,770991,1.46,2.17,0.96,1.42,1.09,1
2019-12-20,148.93,151.3,148.65,151.04,1704911,2.11,2.65,1.4,1.75,1.33,1
2019-12-19,148.75,149.5,147.9,148.68,939390,-0.07,1.6,-0.05,1.08,0.8,-1
2019-12-18,149.0,151.15,148.55,149.0,1387147,0.0,2.6,0.0,1.74,1.3,1
2019-12-17,151.48,151.48,148.8,148.94,1253486,-2.54,2.68,-1.71,1.8,1.34,-1
2019-12-16,151.76,152.0,150.03,150.89,1262829,-0.87,1.97,-0.58,1.31,0.98,-1
2019-12-13,155.69,155.88,151.25,151.3,1263046,-4.39,4.63,-2.9,3.06,2.31,-1
2019-12-12,150.5,156.25,149.22,156.14,1808016,5.64,7.03,3.61,4.5,3.52,1
2019-12-11,148.53,151.03,148.4,150.91,1105588,2.38,2.63,1.58,1.74,1.31,1
2019-12-10,150.76,152.15,148.16,148.73,1213722,-2.03,3.99,-1.36,2.68,2.0,-1
2019-12-09,147.0,150.32,146.86,149.43,1513345,2.43,3.46,1.63,2.32,1.73,1
2019-12-06,148.81,149.06,146.36,147.08,1269998,-1.73,2.7,-1.18,1.84,1.35,-1
2019-12-05,152.69,153.16,147.89,148.32,1206750,-4.37,5.27,-2.95,3.55,2.64,-1
2019-12-04,150.56,152.22,149.3,151.09,1439190,0.53,2.92,0.35,1.93,1.46,1
2019-12-03,149.77,150.72,146.44,149.41,3505773,-0.36,4.28,-0.24,2.86,2.14,-1
2019-12-02,155.51,155.75,150.39,153.85,1954053,-1.66,5.36,-1.08,3.48,2.68,-1
2019-11-29,160.27,160.91,155.5,155.62,1304381,-4.65,5.41,-2.99,3.48,2.7,-1
2019-11-27,169.81,172.34,160.05,161.15,4774269,-8.66,12.29,-5.37,7.63,6.14,-1
2019-11-26,170.0,171.62,164.32,164.9,2523858,-5.1,7.3,-3.09,4.43,3.65,-1
2019-11-25,167.0,170.08,166.18,168.73,1165721,1.73,3.9,1.03,2.31,1.95,1
2019-11-22,166.12,166.97,163.37,165.86,1373763,-0.26,3.6,-0.16,2.17,1.8,1
2019-11-21,169.28,169.71,165.46,165.7,798083,-3.58,4.25,-2.16,2.56,2.12,-1
2019-11-20,171.59,172.53,168.57,169.62,813777,-1.97,3.96,-1.16,2.33,1.98,-1
2019-11-19,169.06,173.37,168.49,172.82,1226691,3.76,4.88,2.18,2.82,2.44,1
2019-11-18,168.0,168.78,166.47,167.36,892532,-0.64,2.31,-0.38,1.38,1.16,-1
2019-11-15,167.34,168.77,165.57,168.37,720759,1.03,3.2,0.61,1.9,1.6,1
2019-11-14,164.83,166.61,163.51,165.95,724849,1.12,3.1,0.67,1.87,1.55,1
2019-11-13,166.82,168.5,165.37,165.83,819061,-0.99,3.13,-0.6,1.89,1.56,-1
2019-11-12,166.33,169.33,166.18,167.97,1115297,1.64,3.15,0.98,1.88,1.58,1
2019-11-11,164.11,166.57,163.53,165.73,659586,1.62,3.04,0.98,1.83,1.52,1
2019-11-08,163.58,165.1,161.4,164.95,457973,1.37,3.7,0.83,2.24,1.85,1
2019-11-07,164.87,166.36,163.12,163.64,683321,-1.23,3.24,-0.75,1.98,1.62,-1
2019-11-06,163.25,163.96,161.42,163.91,614864,0.66,2.54,0.4,1.55,1.27,1
2019-11-05,164.0,165.2,162.34,163.25,683573,-0.75,2.86,-0.46,1.75,1.43,-1
2019-11-04,163.7,165.35,161.33,163.55,857386,-0.15,4.02,-0.09,2.46,2.01,1
2019-11-01,159.72,163.1,158.6,163.06,838214,3.34,4.5,2.05,2.76,2.25,1
2019-10-31,160.42,160.7,157.11,158.27,695882,-2.15,3.59,-1.36,2.27,1.79,-1
2019-10-30,160.0,161.56,158.5,161.22,525948,1.22,3.06,0.76,1.9,1.53,1
2019-10-29,156.75,160.69,156.44,159.52,796490,2.77,4.25,1.74,2.66,2.12,1
2019-10-28,160.13,161.5,156.51,156.51,851737,-3.62,4.99,-2.31,3.19,2.5,-1
2019-10-25,157.68,160.23,157.11,159.19,917590,1.51,3.12,0.95,1.96,1.56,1
2019-10-24,155.35,157.96,153.41,157.78,693646,2.43,4.55,1.54,2.88,2.28,1
2019-10-23,152.52,154.43,152.06,154.05,601030,1.53,2.37,0.99,1.54,1.19,1
2019-10-22,153.0,153.85,152.27,153.02,629029,0.02,1.58,0.01,1.03,0.79,1
2019-10-21,153.13,153.43,151.82,152.36,701036,-0.77,1.61,-0.51,1.06,0.81,1
2019-10-18,152.05,155.41,150.76,152.14,1855484,0.09,4.65,0.06,3.06,2.33,1
2019-10-17,152.39,153.89,151.08,152.08,1265576,-0.31,2.81,-0.2,1.85,1.4,-1
2019-10-16,151.0,152.98,150.2,152.39,1055754,1.39,2.78,0.91,1.82,1.39,-1
2019-10-15,155.14,156.4,154.37,154.53,648722,-0.61,2.03,-0.39,1.31,1.02,1
2019-10-14,154.89,155.65,152.94,154.37,496003,-0.52,2.71,-0.34,1.76,1.36,-1
2019-10-11,153.88,157.67,153.88,154.95,1330866,1.07,3.79,0.69,2.45,1.89,1
2019-10-10,151.36,152.4,150.14,151.67,840608,0.31,2.26,0.2,1.49,1.13,-1
2019-10-09,151.1,152.48,150.39,152.11,917032,1.01,2.09,0.66,1.37,1.05,1
2019-10-08,150.97,151.77,148.46,149.4,1230373,-1.57,3.31,-1.05,2.22,1.66,-1
2019-10-07,152.18,153.8,151.7,152.62,1284444,0.44,2.1,0.29,1.38,1.05,-1
2019-10-04,154.54,154.94,151.95,153.95,1009262,-0.59,2.99,-0.38,1.94,1.5,1
2019-10-03,152.8,154.63,148.8,153.49,952609,0.69,5.83,0.45,3.8,2.91,1
2019-10-02,151.7,153.22,150.64,152.57,1634091,0.87,2.58,0.57,1.69,1.29,-1
2019-10-01,154.49,156.73,151.94,153.8,1921573,-0.69,4.79,-0.45,3.11,2.39,1
2019-09-30,146.38,150.54,146.05,150.06,1040702,3.68,4.49,2.45,2.99,2.24,1
2019-09-27,148.0,149.44,144.19,145.88,1018024,-2.12,5.25,-1.45,3.6,2.62,-1
2019-09-26,149.31,149.87,145.39,147.36,1167421,-1.95,4.48,-1.32,3.04,2.24,-1
2019-09-25,146.15,149.8,144.76,149.06,1031296,2.91,5.04,1.95,3.38,2.52,1
2019-09-24,152.77,153.74,145.81,146.15,1631823,-6.62,7.93,-4.53,5.43,3.97,-1
2019-09-23,150.0,152.19,148.63,152.05,906938,2.05,3.56,1.35,2.34,1.78,1
2019-09-20,152.12,153.11,149.26,150.78,2266988,-1.34,3.85,-0.89,2.55,1.93,-1
2019-09-19,150.35,153.45,150.35,151.69,1391263,1.34,3.1,0.88,2.04,1.55,1
2019-09-18,153.62,153.62,148.5,150.35,2056793,-3.27,5.12,-2.17,3.41,2.56,-1
2019-09-17,155.6,156.6,152.22,153.79,1443842,-1.81,4.38,-1.18,2.85,2.19,-1
2019-09-16,151.0,156.63,150.5,155.87,1592188,4.87,6.13,3.12,3.93,3.06,1
2019-09-13,154.05,154.25,150.56,151.11,1520020,-2.94,3.69,-1.95,2.44,1.84,-1
2019-09-12,155.87,156.33,153.08,154.04,1441900,-1.83,3.25,-1.19,2.11,1.62,-1
2019-09-11,152.0,155.49,150.25,154.43,2024846,2.43,5.24,1.57,3.39,2.62,1
2019-09-10,145.35,153.35,144.61,153.31,1913137,7.96,8.74,5.19,5.7,4.37,1
2019-09-09,148.1,148.72,144.75,147.44,1496695,-0.66,3.97,-0.45,2.69,1.98,1
2019-09-06,148.93,149.68,147.09,147.17,1430540,-1.76,2.59,-1.2,1.76,1.3,-1
2019-09-05,149.11,149.2,144.36,147.9,2236277,-1.21,4.84,-0.82,3.27,2.42,1
2019-09-04,143.21,145.97,142.98,145.43,1641965,2.22,2.99,1.53,2.06,1.5,1
2019-09-03,140.0,142.9,139.21,142.34,2159969,2.34,3.69,1.64,2.59,1.84,1
2019-08-30,137.98,143.55,137.84,141.44,3694334,3.46,5.71,2.45,4.04,2.86,1
2019-08-29,133.45,136.93,133.45,135.73,2344986,2.28,3.48,1.68,2.56,1.74,1
2019-08-28,130.0,133.44,128.69,132.45,1653966,2.45,4.75,1.85,3.59,2.38,1
2019-08-27,134.59,134.89,129.12,130.56,2811619,-4.03,5.77,-3.09,4.42,2.88,-1
2019-08-26,135.48,135.9,132.56,132.8,2379145,-2.68,3.34,-2.02,2.52,1.67,-1
2019-08-23,139.0,139.49,133.0,133.42,6682906,-5.58,6.49,-4.18,4.86,3.25,-1
2019-08-22,149.0,149.34,145.35,148.15,2210902,-0.85,3.99,-0.57,2.69,2.0,1
2019-08-21,146.5,151.48,146.25,148.09,2090561,1.59,5.23,1.07,3.53,2.61,1
2019-08-20,144.01,146.29,142.86,144.42,1459217,0.41,3.43,0.28,2.38,1.71,1
2019-08-19,147.24,147.24,143.81,144.18,1884635,-3.06,3.43,-2.12,2.38,1.72,1
2019-08-16,143.62,145.35,141.9,143.72,2519381,0.1,3.45,0.07,2.4,1.72,1
2019-08-15,148.74,149.0,141.16,142.35,4109327,-6.39,7.84,-4.49,5.51,3.92,-1
2019-08-14,155.01,155.16,150.33,153.09,1248468,-1.92,4.83,-1.25,3.16,2.41,-1
2019-08-13,157.6,161.89,156.85,158.0,1455354,0.4,5.04,0.25,3.19,2.52,-1
2019-08-12,156.61,159.04,155.0,158.28,844000,1.67,4.04,1.06,2.55,2.02,1
2019-08-09,157.98,159.53,155.74,157.5,673074,-0.48,3.79,-0.3,2.41,1.89,-1
2019-08-08,156.47,159.38,154.22,158.67,997419,2.2,5.16,1.39,3.25,2.58,1
2019-08-07,152.8,156.29,152.19,155.7,1294455,2.9,4.1,1.86,2.63,2.05,1
2019-08-06,157.0,159.1,154.51,155.0,1057058,-2.0,4.59,-1.29,2.96,2.3,-1
2019-08-05,157.2,159.52,153.76,155.76,1875585,-1.44,5.76,-0.92,3.7,2.88,-1
2019-08-02,174.26,175.32,161.72,162.68,2758210,-11.58,13.6,-7.12,8.36,6.8,-1
2019-08-01,175.21,179.67,175.06,177.4,1145025,2.19,4.61,1.23,2.6,2.3,1
2019-07-31,177.49,177.98,172.22,174.49,987392,-3.0,5.76,-1.72,3.3,2.88,-1
2019-07-30,176.2,178.53,174.91,177.23,605801,1.03,3.62,0.58,2.04,1.81,-1
2019-07-29,178.75,179.0,173.4,177.66,828232,-1.09,5.6,-0.61,3.15,2.8,-1
2019-07-26,178.39,179.28,177.17,178.31,725303,-0.08,2.11,-0.04,1.18,1.06,1
2019-07-25,180.19,180.19,176.16,178.28,734332,-1.91,4.03,-1.07,2.26,2.02,-1
2019-07-24,179.22,181.02,178.7,180.57,609389,1.35,2.32,0.75,1.28,1.16,1
2019-07-23,182.78,182.78,176.03,178.78,1170208,-4.0,6.75,-2.24,3.78,3.38,-1
2019-07-22,179.25,183.5,179.25,181.87,1423562,2.62,4.25,1.44,2.34,2.12,1
2019-07-19,176.54,181.69,175.66,179.5,1955163,2.96,6.03,1.65,3.36,3.02,1
2019-07-18,173.48,176.98,173.04,174.33,1173194,0.85,3.94,0.49,2.26,1.97,1
2019-07-17,172.29,174.83,170.14,174.05,1016067,1.76,4.69,1.01,2.69,2.35,1
2019-07-16,172.66,175.24,172.24,172.29,1288959,-0.37,3.0,-0.21,1.74,1.5,1
2019-07-15,170.11,172.62,169.75,172.21,1101302,2.1,2.87,1.22,1.67,1.44,1
2019-07-12,169.26,170.0,167.54,169.7,1906702,0.44,2.46,0.26,1.45,1.23,1
2019-07-11,167.19,169.21,166.03,168.49,1044884,1.3,3.18,0.77,1.89,1.59,1
2019-07-10,164.46,168.74,164.15,166.57,1346372,2.11,4.59,1.27,2.76,2.3,1
2019-07-09,164.6,164.9,161.5,163.24,2204175,-1.36,3.4,-0.83,2.08,1.7,-1
2019-07-08,167.71,168.91,165.07,165.14,1526931,-2.57,3.84,-1.56,2.33,1.92,-1
2019-07-05,169.08,169.98,167.03,169.18,887906,0.1,2.95,0.06,1.74,1.47,-1
2019-07-03,170.13,171.74,169.08,169.46,1201710,-0.67,2.66,-0.4,1.57,1.33,1
2019-07-02,168.62,169.83,166.2,168.99,1551181,0.37,3.63,0.22,2.15,1.82,1
2019-07-01,170.64,172.99,168.41,168.77,1492162,-1.87,4.58,-1.11,2.71,2.29,1
2019-06-28,171.92,172.68,166.16,167.21,2115151,-4.71,6.52,-2.82,3.9,3.26,-1
2019-06-27,173.38,174.9,171.31,171.66,1095571,-1.72,3.59,-1.0,2.09,1.8,-1
2019-06-26,173.0,177.18,172.0,172.26,947875,-0.74,5.18,-0.43,3.01,2.59,1
2019-06-25,175.06,175.41,170.28,170.87,1041556,-4.19,5.13,-2.45,3.0,2.56,-1
2019-06-24,174.18,176.12,172.27,175.52,893217,1.34,3.85,0.76,2.19,1.92,1
2019-06-21,176.65,177.34,172.87,173.39,1533874,-3.26,4.47,-1.88,2.58,2.23,-1
2019-06-20,176.76,178.77,175.76,176.92,1514958,0.16,3.01,0.09,1.7,1.51,1
2019-06-19,170.42,173.8,169.22,173.42,1592211,3.0,4.59,1.73,2.64,2.29,1
2019-06-18,168.85,171.81,168.78,169.68,1172912,0.83,3.03,0.49,1.79,1.52,1
2019-06-17,167.9,169.92,166.77,166.87,1122829,-1.03,3.15,-0.62,1.89,1.57,-1
2019-06-14,174.0,174.97,168.03,168.29,1205775,-5.71,6.94,-3.39,4.12,3.47,-1
2019-06-13,177.27,177.37,173.86,174.49,953064,-2.78,3.51,-1.59,2.01,1.75,-1
2019-06-12,175.0,176.33,174.04,175.89,1012719,0.89,2.29,0.51,1.3,1.15,1
2019-06-11,173.91,175.9,172.65,175.07,1285669,1.16,3.25,0.66,1.86,1.62,1
2019-06-10,171.0,173.62,170.08,172.01,1269766,1.01,3.54,0.59,2.06,1.77,1
2019-06-07,168.21,171.27,168.21,169.23,1271578,1.02,3.06,0.6,1.81,1.53,1
2019-06-06,170.75,171.97,166.33,166.92,1721770,-3.83,5.64,-2.29,3.38,2.82,-1
2019-06-05,176.88,178.21,168.29,170.35,1790246,-6.53,9.92,-3.83,5.82,4.96,-1
2019-06-04,172.35,174.56,169.15,174.4,1673336,2.05,5.41,1.18,3.1,2.71,1
2019-06-03,175.49,178.61,167.13,169.07,2441967,-6.42,11.48,-3.8,6.79,5.74,-1
2019-05-31,178.29,183.96,176.51,176.98,2813515,-1.31,7.45,-0.74,4.21,3.73,-1
2019-05-30,192.03,193.76,189.15,191.09,1763258,-0.94,4.61,-0.49,2.41,2.3,-1
2019-05-29,192.23,195.76,190.75,191.27,1282862,-0.96,5.01,-0.5,2.62,2.5,-1
2019-05-28,198.78,201.57,192.97,193.59,1873108,-5.19,8.6,-2.68,4.44,4.3,-1
2019-05-24,199.11,200.15,197.58,197.99,662537,-1.12,2.57,-0.57,1.3,1.28,1
2019-05-23,201.16,201.59,196.22,196.7,1113159,-4.46,5.37,-2.27,2.73,2.69,-1
2019-05-22,201.71,205.44,201.56,203.72,707059,2.01,3.88,0.99,1.9,1.94,1
2019-05-21,200.82,202.89,200.11,202.24,776990,1.42,2.78,0.7,1.37,1.39,1
2019-05-20,201.07,201.63,196.8,197.32,1120302,-3.75,4.83,-1.9,2.45,2.41,-1
2019-05-17,202.92,206.38,202.7,203.64,1141593,0.72,3.68,0.35,1.81,1.84,-1
2019-05-16,202.11,206.8,200.98,205.52,910085,3.41,5.82,1.66,2.83,2.91,1
2019-05-15,196.6,202.3,196.6,201.26,875823,4.66,5.7,2.32,2.83,2.85,1
2019-05-14,194.77,199.14,192.53,197.93,893336,3.16,6.61,1.6,3.34,3.3,1
2019-05-13,196.59,197.05,191.37,192.04,960097,-4.55,5.68,-2.37,2.96,2.84,-1
2019-05-10,196.82,200.56,193.47,200.07,859339,3.25,7.09,1.62,3.54,3.55,1
2019-05-09,195.12,199.0,193.22,197.69,831088,2.57,5.78,1.3,2.92,2.89,1
2019-05-08,195.2,199.49,194.14,197.67,890887,2.47,5.35,1.25,2.71,2.68,1
2019-05-07,200.53,201.58,192.91,195.13,1386928,-5.4,8.67,-2.77,4.44,4.34,-1
2019-05-06,197.85,203.24,197.58,202.59,926469,4.74,5.66,2.34,2.79,2.83,-1
2019-05-03,202.09,203.33,200.83,203.28,629869,1.19,2.5,0.59,1.23,1.25,1
2019-05-02,201.35,202.96,197.54,200.0,958643,-1.35,5.42,-0.67,2.71,2.71,-1
2019-05-01,204.61,205.44,202.4,202.46,726517,-2.15,3.04,-1.06,1.5,1.52,-1
2019-04-30,201.43,204.25,199.83,204.13,754059,2.7,4.42,1.32,2.17,2.21,1
2019-04-29,199.85,202.54,199.29,201.38,739270,1.53,3.25,0.76,1.61,1.62,1
2019-04-26,200.34,201.09,198.11,199.71,753110,-0.63,2.98,-0.32,1.49,1.49,-1
2019-04-25,199.9,203.35,198.11,200.16,1026087,0.26,5.24,0.13,2.62,2.62,1
2019-04-24,196.65,199.1,196.62,198.49,1232550,1.84,2.48,0.93,1.25,1.24,1
2019-04-23,193.68,196.62,192.73,196.11,1057690,2.43,3.89,1.24,1.98,1.95,1
2019-04-22,187.5,192.3,187.04,191.56,894265,4.06,5.26,2.12,2.75,2.63,1
2019-04-18,189.55,190.34,186.36,188.09,1409197,-1.46,3.98,-0.78,2.12,1.99,-1
2019-04-17,190.78,191.85,188.02,189.07,637281,-1.71,3.83,-0.9,2.03,1.91,-1
2019-04-16,192.88,192.88,188.47,189.84,608178,-3.04,4.41,-1.6,2.32,2.2,-1
2019-04-15,192.68,194.24,191.21,192.14,768962,-0.54,3.03,-0.28,1.58,1.52,-1
2019-04-12,192.79,193.6,191.32,192.81,640505,0.02,2.28,0.01,1.18,1.14,1
2019-04-11,190.99,192.75,189.28,192.44,963144,1.45,3.47,0.75,1.8,1.73,1
2019-04-10,186.5,190.61,186.0,189.31,883381,2.81,4.61,1.48,2.44,2.31,1
2019-04-09,185.14,186.58,184.49,185.7,646848,0.56,2.09,0.3,1.13,1.05,-1
2019-04-08,185.0,186.98,183.57,186.52,1044157,1.52,3.41,0.81,1.83,1.7,1
2019-04-05,182.92,186.82,182.57,185.79,1420315,2.87,4.25,1.54,2.29,2.12,1
2019-04-04,185.28,185.77,179.01,181.39,1391506,-3.89,6.76,-2.14,3.73,3.38,-1
2019-04-03,185.76,187.51,184.26,186.23,1150751,0.47,3.25,0.25,1.75,1.62,1
2019-04-02,184.68,185.2,181.98,185.05,952464,0.37,3.22,0.2,1.74,1.61,1
2019-04-01,182.62,184.5,180.75,184.29,1003427,1.67,3.75,0.91,2.03,1.88,1
2019-03-29,180.0,181.05,177.76,180.51,1238873,0.51,3.29,0.28,1.82,1.65,1
2019-03-28,178.46,178.96,176.76,178.0,1065700,-0.46,2.2,-0.26,1.24,1.1,1
2019-03-27,181.72,182.42,176.66,177.0,1521090,-4.72,5.76,-2.67,3.25,2.88,-1
2019-03-26,182.73,183.16,180.84,181.44,872697,-1.29,2.32,-0.71,1.28,1.16,1
2019-03-25,182.38,182.99,179.35,180.34,1458074,-2.04,3.64,-1.13,2.02,1.82,-1
2019-03-22,187.4,187.75,183.15,183.7,956688,-3.7,4.6,-2.01,2.5,2.3,-1
2019-03-21,184.43,188.51,184.43,188.24,740717,3.81,4.08,2.02,2.17,2.04,1
2019-03-20,183.15,185.48,181.36,184.85,1184168,1.7,4.12,0.92,2.23,2.06,1
2019-03-19,183.2,184.05,181.73,183.55,824942,0.35,2.32,0.19,1.26,1.16,1
2019-03-18,181.71,183.9,180.81,182.67,1167865,0.96,3.09,0.53,1.69,1.55,1
2019-03-15,179.07,182.48,179.0,181.56,1786305,2.49,3.48,1.37,1.92,1.74,1
2019-03-14,176.33,179.86,176.0,179.26,1005810,2.93,3.86,1.63,2.15,1.93,1
2019-03-13,176.2,179.28,175.7,176.8,1450948,0.6,3.58,0.34,2.02,1.79,1
2019-03-12,173.77,176.09,172.5,175.13,1377597,1.36,3.59,0.78,2.05,1.8,1
2019-03-11,169.54,173.52,169.25,173.37,1369189,3.83,4.27,2.21,2.46,2.14,1
2019-03-08,166.25,169.62,166.0,169.13,1374516,2.88,3.62,1.7,2.14,1.81,1
2019-03-07,170.0,171.99,168.2,169.05,1210023,-0.95,3.79,-0.56,2.24,1.9,-1
2019-03-06,165.83,170.31,165.43,170.12,1700070,4.29,4.88,2.52,2.87,2.44,-1
2019-03-05,172.0,173.78,170.61,172.69,1064318,0.69,3.17,0.4,1.84,1.58,1
2019-03-04,177.5,178.04,167.62,172.32,2509696,-5.18,10.42,-3.01,6.05,5.21,-1
2019-03-01,177.87,183.41,175.65,178.2,2909896,0.33,7.76,0.19,4.35,3.88,1
2019-02-28,175.07,175.7,171.26,171.81,2417621,-3.26,4.44,-1.9,2.58,2.22,-1
2019-02-27,175.24,176.66,173.59,176.01,1359729,0.77,3.07,0.44,1.74,1.53,1
2019-02-26,173.84,176.06,171.93,175.12,2136662,1.28,4.13,0.73,2.36,2.06,1
2019-02-25,174.6,175.7,173.18,174.15,1218171,-0.45,2.52,-0.26,1.45,1.26,1
2019-02-22,171.5,173.45,170.43,173.38,1136318,1.88,3.02,1.08,1.74,1.51,1
2019-02-21,170.15,172.58,168.69,170.79,1237695,0.64,3.89,0.37,2.28,1.95,1
2019-02-20,169.85,171.12,168.85,170.76,1220057,0.91,2.27,0.53,1.33,1.14,1
2019-02-19,169.45,170.56,167.81,170.04,1222990,0.59,2.75,0.35,1.62,1.38,1
2019-02-15,168.29,169.7,167.12,169.68,1208744,1.39,2.58,0.82,1.52,1.29,1
2019-02-14,166.16,170.11,165.93,167.98,1366195,1.82,4.18,1.08,2.49,2.09,1
2019-02-13,165.42,167.65,163.33,167.03,1825521,1.61,4.32,0.96,2.59,2.16,1
2019-02-12,160.49,165.5,160.15,165.34,2266693,4.85,5.35,2.93,3.24,2.67,1
2019-02-11,158.41,160.56,156.91,158.97,1494964,0.56,3.65,0.35,2.3,1.83,1
2019-02-08,155.18,158.46,155.18,157.71,1077547,2.53,3.28,1.6,2.08,1.64,1
2019-02-07,155.69,156.41,153.76,156.3,663770,0.61,2.65,0.39,1.7,1.33,-1
2019-02-06,156.2,157.34,154.47,157.02,1184078,0.82,2.87,0.52,1.83,1.44,1
2019-02-05,153.4,156.68,153.0,156.2,1124977,2.8,3.68,1.79,2.36,1.84,1
2019-02-04,151.0,153.54,150.78,152.91,871049,1.91,2.76,1.25,1.8,1.38,1
2019-02-01,151.09,151.95,149.44,150.51,978312,-0.58,2.51,-0.39,1.67,1.25,-1
2019-01-31,146.18,151.37,146.0,151.07,1467482,4.89,5.37,3.24,3.55,2.69,1
2019-01-30,146.91,147.54,145.27,146.38,767820,-0.53,2.27,-0.36,1.55,1.13,1
2019-01-29,147.92,147.99,144.46,145.22,1181168,-2.7,3.53,-1.86,2.43,1.77,-1
2019-01-28,147.9,149.71,146.37,148.11,925976,0.21,3.34,0.14,2.26,1.67,-1
2019-01-25,149.7,150.33,148.39,149.43,1176304,-0.27,1.94,-0.18,1.3,0.97,1
2019-01-24,150.96,151.49,146.9,148.15,1090682,-2.81,4.59,-1.9,3.1,2.3,-1
2019-01-23,148.73,151.06,148.23,150.78,1252352,2.05,2.83,1.36,1.88,1.42,1
2019-01-22,147.35,148.76,146.5,148.03,1031625,0.68,2.26,0.46,1.53,1.13,1
2019-01-18,145.26,147.69,145.19,147.66,1258526,2.4,2.5,1.63,1.69,1.25,1
2019-01-17,144.42,145.16,143.53,143.9,1168421,-0.52,1.63,-0.36,1.13,0.81,-1
2019-01-16,147.08,147.59,143.62,144.2,1643557,-2.88,3.97,-2.0,2.75,1.98,-1
2019-01-15,142.09,147.2,141.38,147.12,2145382,5.03,5.82,3.42,3.96,2.91,1
2019-01-14,145.3,146.64,144.05,144.19,2045176,-1.11,2.59,-0.77,1.8,1.29,-1
2019-01-11,146.52,148.04,144.51,146.7,1522239,0.18,3.53,0.12,2.41,1.77,-1
2019-01-10,149.35,151.8,148.24,148.88,1415737,-0.47,3.56,-0.32,2.39,1.78,-1
2019-01-09,148.78,150.96,147.72,150.34,1776577,1.56,3.24,1.04,2.16,1.62,1
2019-01-08,146.38,147.89,142.76,146.8,1298361,0.42,5.13,0.29,3.49,2.56,1
2019-01-07,139.4,146.17,138.94,143.74,1914738,4.34,7.23,3.02,5.03,3.61,1
2019-01-04,133.01,139.69,131.58,138.91,2043154,5.9,8.11,4.25,5.84,4.05,1
2019-01-03,135.09,135.72,129.33,130.67,2022534,-4.42,6.39,-3.38,4.89,3.19,-1
2019-01-02,133.96,137.54,133.66,136.16,2130433,2.2,3.88,1.62,2.85,1.94,-1
2018-12-31,133.52,137.13,132.91,137.13,2537355,3.61,4.22,2.63,3.08,2.11,-1
2018-12-28,155.31,159.46,154.15,158.38,1690064,3.07,5.31,1.94,3.35,2.66,1
2018-12-27,150.22,154.49,148.87,154.3,965055,4.08,5.62,2.64,3.64,2.81,1
2018-12-26,144.95,153.4,144.18,152.87,1456219,7.92,9.22,5.18,6.03,4.61,1
2018-12-24,143.77,147.19,141.91,144.56,903693,0.79,5.28,0.55,3.65,2.64,-1
2018-12-21,152.85,154.03,143.86,144.99,3205639,-7.86,10.17,-5.42,7.01,5.08,-1
2018-12-20,156.57,157.23,148.81,153.07,2249763,-3.5,8.42,-2.29,5.5,4.21,-1
2018-12-19,154.84,160.07,154.84,156.76,1611260,1.92,5.23,1.22,3.34,2.62,1
2018-12-18,155.01,157.0,153.13,154.4,1181870,-0.61,3.87,-0.4,2.51,1.94,1
2018-12-17,157.75,157.99,151.99,152.93,2241053,-4.82,6.0,-3.15,3.92,3.0,-1
2018-12-14,159.42,162.49,158.45,158.58,1323526,-0.84,4.04,-0.53,2.55,2.02,-1
2018-12-13,163.25,164.72,160.57,161.41,1108212,-1.84,4.15,-1.14,2.57,2.08,-1
2018-12-12,166.0,167.0,161.66,162.62,2230899,-3.38,5.34,-2.08,3.28,2.67,-1
2018-12-11,166.29,169.25,162.58,164.5,1939255,-1.79,6.67,-1.09,4.05,3.33,1
2018-12-10,158.06,164.53,157.77,163.36,1241009,5.3,6.76,3.24,4.14,3.38,1
2018-12-07,161.97,163.31,157.18,159.21,1305901,-2.76,6.13,-1.73,3.85,3.06,-1
2018-12-06,155.1,162.8,153.0,162.5,2054698,7.4,9.8,4.55,6.03,4.9,1
2018-12-04,162.47,164.5,157.45,158.52,2297968,-3.95,7.05,-2.49,4.45,3.53,-1
2018-12-03,168.47,168.89,160.87,163.63,2332794,-4.84,8.02,-2.96,4.9,4.01,-1
2018-11-30,165.4,168.42,160.15,167.34,4234937,1.94,8.27,1.16,4.94,4.13,1
2018-11-29,158.59,162.22,157.3,161.48,1859861,2.89,4.92,1.79,3.05,2.46,1
2018-11-28,153.6,160.0,152.77,159.76,1777528,6.16,7.23,3.86,4.53,3.61,1
2018-11-27,153.84,154.96,151.91,152.2,1297233,-1.64,3.05,-1.08,2.0,1.53,-1
2018-11-26,155.08,155.63,153.5,153.91,1231485,-1.17,2.13,-0.76,1.38,1.06,1
2018-11-23,148.52,154.0,148.52,152.99,666770,4.47,5.48,2.92,3.58,2.74,1
2018-11-21,150.18,151.37,148.1,149.59,630929,-0.59,3.27,-0.39,2.19,1.64,1
2018-11-20,147.18,152.45,147.18,148.4,2091294,1.22,5.27,0.82,3.55,2.63,-1
2018-11-19,155.91,156.48,151.88,153.4,2069968,-2.51,4.6,-1.64,3.0,2.3,-1
2018-11-16,157.49,161.4,155.01,157.01,1374175,-0.48,6.39,-0.31,4.07,3.2,-1
2018-11-15,154.6,159.9,154.5,157.73,2568288,3.13,5.4,1.98,3.42,2.7,1
2018-11-14,152.54,156.16,149.13,152.3,1737711,-0.24,7.03,-0.16,4.62,3.52,1
2018-11-13,148.35,152.48,146.06,150.51,1615878,2.16,6.42,1.44,4.27,3.21,1
2018-11-12,149.26,149.57,145.04,148.13,853249,-1.13,4.53,-0.76,3.06,2.27,-1
2018-11-09,149.53,151.44,148.61,150.82,791849,1.29,2.83,0.86,1.88,1.41,-1
2018-11-08,149.67,151.66,147.52,151.65,818227,1.98,4.14,1.31,2.73,2.07,1
2018-11-07,145.23,151.58,145.23,149.45,1289502,4.22,6.35,2.82,4.25,3.18,1
2018-11-06,142.57,144.47,140.97,143.02,804914,0.45,3.5,0.31,2.45,1.75,1
2018-11-05,142.0,143.02,139.03,142.94,487516,0.94,3.99,0.66,2.79,2.0,1
2018-11-02,145.0,145.37,140.72,141.35,590304,-3.65,4.65,-2.58,3.29,2.33,-1
2018-11-01,142.64,145.57,140.08,144.64,730613,2.0,5.49,1.38,3.8,2.74,1
2018-10-31,141.32,144.28,140.44,141.39,783377,0.07,3.84,0.05,2.72,1.92,1
2018-10-30,135.41,139.13,134.85,138.64,591060,3.23,4.28,2.33,3.09,2.14,1
2018-10-29,143.33,143.33,132.65,136.26,1394142,-7.07,10.68,-5.19,7.84,5.34,-1
2018-10-26,138.38,142.24,136.86,138.76,1167121,0.38,5.38,0.27,3.88,2.69,-1
2018-10-25,140.7,143.42,139.25,141.61,1051098,0.91,4.17,0.64,2.94,2.08,1
2018-10-24,145.26,145.83,139.25,139.51,1178734,-5.75,6.58,-4.12,4.72,3.29,-1
2018-10-23,144.45,145.88,141.99,145.41,975999,0.96,3.89,0.66,2.68,1.94,-1
2018-10-22,141.54,146.34,140.24,146.14,984408,4.6,6.1,3.15,4.17,3.05,1
2018-10-19,146.2,148.66,140.22,140.46,1627674,-5.74,8.44,-4.09,6.01,4.22,-1
2018-10-18,146.93,148.97,144.76,145.61,723938,-1.32,4.21,-0.91,2.89,2.11,-1
2018-10-17,149.75,149.75,146.84,148.16,517619,-1.59,2.91,-1.07,1.96,1.45,-1
2018-10-16,145.92,148.99,145.56,148.36,759567,2.44,3.43,1.64,2.31,1.72,1
2018-10-15,147.4,148.35,144.0,144.04,1111732,-3.36,4.35,-2.33,3.02,2.17,-1
2018-10-12,144.86,148.19,143.52,147.74,1404148,2.88,4.67,1.95,3.16,2.33,1
2018-10-11,142.77,144.74,140.84,141.49,1098987,-1.28,3.9,-0.9,2.76,1.95,-1
2018-10-10,146.55,147.63,143.0,143.32,1697304,-3.23,4.63,-2.25,3.23,2.31,-1
2018-10-09,149.68,151.49,146.58,148.86,1696732,-0.82,4.91,-0.55,3.3,2.45,-1
2018-10-08,155.48,156.46,149.6,151.01,1466205,-4.47,6.86,-2.96,4.54,3.43,-1
2018-10-05,155.08,158.6,154.65,156.54,1482632,1.46,3.95,0.93,2.52,1.97,1
2018-10-04,153.86,155.95,153.38,155.53,961409,1.67,2.57,1.07,1.65,1.28,1
2018-10-03,155.0,156.7,154.44,154.58,667000,-0.42,2.26,-0.27,1.46,1.13,1
2018-10-02,156.0,156.36,154.22,154.53,691766,-1.47,2.14,-0.95,1.38,1.07,-1
2018-10-01,157.62,158.29,155.35,156.17,1472436,-1.45,2.94,-0.93,1.88,1.47,1
2018-09-28,155.48,157.65,155.24,156.06,993029,0.58,2.41,0.37,1.54,1.2,1
2018-09-27,155.74,156.85,154.05,155.83,890120,0.09,2.8,0.06,1.8,1.4,-1
2018-09-26,157.84,159.47,155.74,155.84,2555091,-2.0,3.73,-1.28,2.39,1.86,-1
2018-09-25,153.62,158.48,153.48,158.06,2531192,4.44,5.0,2.81,3.16,2.5,1
2018-09-24,152.43,154.44,150.6,153.48,837999,1.05,3.84,0.68,2.5,1.92,1
2018-09-21,153.19,153.46,151.81,152.09,1662915,-1.1,1.65,-0.72,1.08,0.83,-1
2018-09-20,151.23,153.04,150.36,153.0,1035543,1.77,2.68,1.16,1.75,1.34,1
2018-09-19,153.04,153.04,148.6,150.75,1563747,-2.29,4.44,-1.52,2.95,2.22,-1
2018-09-18,156.43,158.8,153.38,153.4,1928911,-3.03,5.42,-1.98,3.53,2.71,-1
2018-09-17,161.22,162.47,156.1,157.01,1512254,-4.21,6.37,-2.68,4.06,3.19,-1
2018-09-14,155.04,162.98,154.75,162.65,2132664,7.61,8.23,4.68,5.06,4.11,1
2018-09-13,154.5,155.72,154.5,154.6,1746715,0.1,1.22,0.06,0.79,0.61,1
2018-09-12,153.94,154.68,151.63,154.32,1189001,0.38,3.05,0.25,1.98,1.53,1
2018-09-11,153.77,155.14,153.63,154.04,1103047,0.27,1.51,0.18,0.98,0.75,1
2018-09-10,152.57,154.26,152.0,153.79,1420274,1.22,2.26,0.79,1.47,1.13,1
2018-09-07,152.9,154.19,151.65,151.93,904915,-0.97,2.54,-0.64,1.67,1.27,-1
2018-09-06,151.05,154.24,150.08,153.83,1274549,2.78,4.16,1.81,2.7,2.08,1
2018-09-05,152.41,152.94,149.62,151.12,991653,-1.29,3.32,-0.85,2.2,1.66,-1
2018-09-04,151.72,152.89,149.9,152.77,834780,1.05,2.99,0.69,1.96,1.49,-1
2018-08-31,154.74,156.27,153.04,153.26,1207569,-1.48,3.23,-0.97,2.11,1.62,-1
2018-08-30,149.57,156.72,149.35,154.66,2508401,5.09,7.37,3.29,4.77,3.69,1
2018-08-29,149.01,150.82,147.89,150.43,1461587,1.42,2.93,0.94,1.95,1.47,1
2018-08-28,150.37,150.55,146.25,148.5,1828101,-1.87,4.3,-1.26,2.9,2.15,-1
2018-08-27,153.58,154.4,149.45,150.03,1876677,-3.55,4.95,-2.37,3.3,2.48,-1
2018-08-24,150.0,152.63,148.03,151.37,3025562,1.37,4.6,0.91,3.04,2.3,-1
2018-08-23,154.65,156.42,152.64,154.77,2215290,0.12,3.78,0.08,2.44,1.89,1
2018-08-22,151.2,154.65,151.05,154.28,934644,3.08,3.6,2.0,2.33,1.8,1
2018-08-21,152.02,152.97,151.31,151.68,1026012,-0.34,1.66,-0.22,1.09,0.83,1
2018-08-20,151.51,152.82,150.84,151.62,1135030,0.11,1.98,0.07,1.31,0.99,1
2018-08-17,151.68,153.05,150.37,150.88,1108781,-0.8,2.68,-0.53,1.78,1.34,-1
2018-08-16,153.65,153.89,150.68,151.93,1611333,-1.72,3.21,-1.13,2.11,1.6,-1
2018-08-15,151.23,152.49,149.27,152.04,859894,0.81,3.22,0.53,2.12,1.61,-1
2018-08-14,152.14,152.64,151.0,152.25,571455,0.11,1.64,0.07,1.08,0.82,1
2018-08-13,153.54,153.54,151.27,151.94,643227,-1.6,2.27,-1.05,1.49,1.13,-1
2018-08-10,152.46,154.45,151.5,153.21,508062,0.75,2.95,0.49,1.93,1.47,-1
2018-08-09,152.85,154.09,152.85,153.76,546083,0.91,1.24,0.59,0.81,0.62,1
2018-08-08,153.29,154.19,152.25,152.84,467005,-0.45,1.94,-0.29,1.27,0.97,-1
2018-08-07,152.59,154.49,152.06,153.06,1120256,0.47,2.43,0.31,1.59,1.22,1
2018-08-06,149.85,151.73,149.82,151.38,738797,1.53,1.91,1.01,1.26,0.95,1
2018-08-03,149.65,149.9,147.55,149.45,1289466,-0.2,2.35,-0.13,1.57,1.17,1
2018-08-02,144.21,148.36,144.21,148.07,913795,3.86,4.15,2.61,2.8,2.08,1
2018-08-01,144.16,146.19,143.98,144.58,1301516,0.42,2.21,0.29,1.53,1.11,-1
2018-07-31,143.88,146.38,143.24,144.59,1136722,0.71,3.14,0.49,2.17,1.57,1
2018-07-30,148.34,148.71,144.11,144.42,1189344,-3.92,4.6,-2.71,3.19,2.3,-1
2018-07-27,150.74,151.29,146.5,148.8,812353,-1.94,4.79,-1.3,3.22,2.39,-1
2018-07-26,149.68,152.82,148.86,150.78,882875,1.1,3.96,0.73,2.63,1.98,-1
2018-07-25,149.0,151.15,148.03,151.15,550903,2.15,3.12,1.42,2.06,1.56,1
2018-07-24,152.24,152.27,148.21,149.2,1065930,-3.04,4.06,-2.04,2.72,2.03,-1
2018-07-23,151.49,152.44,150.45,150.94,853082,-0.55,1.99,-0.36,1.32,1.0,-1
2018-07-20,152.04,152.98,151.34,152.25,1658694,0.21,1.64,0.14,1.08,0.82,1
2018-07-19,153.57,154.0,150.88,152.0,1629956,-1.57,3.12,-1.03,2.05,1.56,-1
2018-07-18,155.01,155.69,153.84,153.95,1440845,-1.06,1.85,-0.69,1.2,0.92,-1
2018-07-17,154.48,156.38,154.14,155.11,1151078,0.63,2.24,0.41,1.44,1.12,-1
2018-07-16,155.59,156.4,154.79,155.24,1245299,-0.35,1.61,-0.23,1.04,0.81,1
2018-07-13,155.44,155.82,153.36,155.05,1604625,-0.39,2.46,-0.25,1.59,1.23,-1
2018-07-12,154.76,155.92,154.5,155.27,1975889,0.51,1.42,0.33,0.91,0.71,1
2018-07-11,154.03,155.15,152.63,153.59,2342836,-0.44,2.52,-0.29,1.64,1.26,-1
2018-07-10,154.36,157.02,154.05,155.5,2115091,1.14,2.97,0.73,1.91,1.48,1
2018-07-09,158.04,158.46,153.58,154.83,2726261,-3.21,4.88,-2.07,3.15,2.44,-1
2018-07-06,157.43,158.24,156.26,157.68,1509700,0.25,1.98,0.16,1.26,0.99,-1
2018-07-05,161.0,161.17,157.49,158.05,3521606,-2.95,3.68,-1.87,2.33,1.84,-1
2018-07-03,161.76,162.01,159.74,160.37,3154038,-1.39,2.27,-0.87,1.42,1.13,-1
2018-07-02,157.42,163.0,153.6,162.02,9721939,4.6,9.4,2.84,5.8,4.7,1
2018-06-29,149.0,149.0,146.37,146.97,1279052,-2.03,2.63,-1.38,1.79,1.31,1
2018-06-28,142.4,146.89,142.4,146.12,1628177,3.72,4.49,2.55,3.07,2.24,1
2018-06-27,146.1,147.21,142.28,142.3,1128838,-3.8,4.93,-2.67,3.46,2.47,-1
2018-06-26,145.62,146.96,144.32,145.89,919225,0.27,2.64,0.19,1.81,1.32,1
2018-06-25,148.9,148.9,143.78,145.08,1513654,-3.82,5.12,-2.63,3.53,2.56,-1
2018-06-22,150.73,151.5,146.75,150.01,1685195,-0.72,4.75,-0.48,3.17,2.38,-1
2018-06-21,152.44,152.5,149.63,152.03,1144085,-0.41,2.87,-0.27,1.89,1.44,-1
2018-06-20,151.69,153.8,151.25,152.18,1252489,0.49,2.55,0.32,1.68,1.28,1
2018-06-19,149.08,151.43,147.59,151.25,1150403,2.17,3.84,1.43,2.54,1.92,-1
2018-06-18,148.71,151.74,147.65,151.44,1173518,2.73,4.09,1.8,2.7,2.05,1
2018-06-15,149.94,151.56,148.62,150.46,1604619,0.52,2.94,0.35,1.95,1.47,1
2018-06-14,151.09,153.2,149.41,150.25,1407627,-0.84,3.79,-0.56,2.52,1.89,-1
2018-06-13,148.99,152.62,148.9,150.79,1890760,1.8,3.72,1.19,2.47,1.86,1
2018-06-12,149.29,150.08,148.11,148.27,953629,-1.02,1.97,-0.69,1.33,0.98,-1
2018-06-11,149.6,150.48,148.49,149.3,1153543,-0.3,1.99,-0.2,1.33,0.99,-1
2018-06-08,149.89,152.49,148.81,149.64,1883861,-0.25,3.68,-0.17,2.46,1.84,-1
2018-06-07,148.5,150.72,146.57,150.27,3035221,1.77,4.15,1.18,2.76,2.08,1
2018-06-06,148.2,149.0,146.41,148.98,1869257,0.78,2.59,0.52,1.74,1.3,1
2018-06-05,142.89,149.0,142.67,147.52,2677341,4.63,6.33,3.14,4.29,3.17,1
2018-06-04,144.99,145.0,140.35,142.59,2813896,-2.4,4.65,-1.68,3.26,2.33,-1
2018-06-01,144.97,149.48,143.39,145.93,4265534,0.96,6.09,0.66,4.17,3.05,1
2018-05-31,137.74,139.33,136.78,137.48,2909126,-0.26,2.55,-0.19,1.85,1.28,-1
2018-05-30,136.87,139.12,136.5,138.02,1906908,1.15,2.62,0.83,1.9,1.31,1
2018-05-29,135.54,136.87,134.82,136.4,1475721,0.86,2.05,0.63,1.5,1.03,-1
2018-05-25,136.83,137.92,136.45,136.45,1412647,-0.38,1.47,-0.28,1.08,0.73,-1
2018-05-24,138.44,138.9,136.55,136.77,2008077,-1.67,2.35,-1.22,1.72,1.17,-1
2018-05-23,135.36,138.42,135.1,138.23,1576153,2.87,3.32,2.08,2.4,1.66,1
2018-05-22,139.32,140.26,136.59,136.8,1695091,-2.52,3.67,-1.84,2.68,1.83,-1
2018-05-21,140.39,141.37,136.96,138.69,2281456,-1.7,4.41,-1.23,3.18,2.2,-1
2018-05-18,137.59,142.29,137.02,138.99,3299699,1.4,5.27,1.01,3.79,2.63,1
2018-05-17,138.71,139.93,137.21,137.51,1272285,-1.2,2.72,-0.87,1.98,1.36,-1
2018-05-16,141.41,141.59,138.26,138.58,1039948,-2.83,3.33,-2.04,2.4,1.67,-1
2018-05-15,140.39,141.86,138.55,141.1,1045141,0.71,3.31,0.5,2.35,1.66,-1
2018-05-14,144.94,145.15,140.42,141.25,1725662,-3.69,4.73,-2.61,3.35,2.37,-1
2018-05-11,143.32,144.33,142.47,144.04,1357595,0.72,1.86,0.5,1.29,0.93,1
2018-05-10,139.61,144.16,139.55,143.9,2119567,4.29,4.61,2.98,3.2,2.3,1
2018-05-09,136.56,139.33,136.5,138.57,979513,2.01,2.83,1.45,2.04,1.42,1
2018-05-08,135.53,136.6,135.03,136.5,1330460,0.97,1.57,0.71,1.15,0.78,1
2018-05-07,135.05,136.31,134.37,135.82,641271,0.77,1.94,0.57,1.43,0.97,1
2018-05-04,132.32,135.78,132.13,134.35,1148606,2.03,3.65,1.51,2.72,1.83,1
2018-05-03,132.37,133.33,131.12,132.87,1177019,0.5,2.21,0.38,1.66,1.11,1
2018-05-02,132.75,133.4,132.0,132.49,1379894,-0.26,1.4,-0.2,1.06,0.7,-1
2018-05-01,132.75,133.37,131.39,133.22,1748317,0.47,1.98,0.35,1.49,0.99,-1
2018-04-30,133.05,134.29,132.19,133.26,1062218,0.21,2.1,0.16,1.58,1.05,1
2018-04-27,133.5,133.98,131.74,133.05,1076608,-0.45,2.24,-0.34,1.68,1.12,1
2018-04-26,132.63,133.63,131.52,132.41,1217818,-0.22,2.11,-0.17,1.59,1.05,1
2018-04-25,133.83,133.87,131.14,131.62,1548164,-2.21,2.73,-1.68,2.07,1.37,-1
2018-04-24,135.74,136.97,133.07,133.96,2543691,-1.78,3.9,-1.33,2.91,1.95,-1
2018-04-23,136.68,136.74,134.31,135.02,1370021,-1.66,2.43,-1.23,1.8,1.22,-1
2018-04-20,135.59,136.57,133.85,136.05,2620810,0.46,2.72,0.34,2.0,1.36,1
2018-04-19,136.59,137.15,133.71,135.59,2921682,-1.0,3.44,-0.74,2.54,1.72,-1
2018-04-18,136.3,138.34,135.54,137.54,4232588,1.24,2.8,0.9,2.04,1.4,1
2018-04-17,129.56,132.56,129.17,131.88,3213819,2.32,3.39,1.76,2.57,1.7,1
2018-04-16,126.28,130.19,126.0,127.76,4509870,1.48,4.19,1.16,3.28,2.09,1
2018-04-13,123.0,123.0,120.53,121.34,2900957,-1.66,2.47,-1.37,2.04,1.23,-1
2018-04-12,122.3,122.8,121.34,122.15,1567283,-0.15,1.46,-0.12,1.2,0.73,1
2018-04-11,121.11,123.29,120.58,121.49,2067797,0.38,2.71,0.31,2.23,1.36,-1
2018-04-10,121.8,123.53,121.27,121.75,2178082,-0.05,2.26,-0.04,1.86,1.13,1
2018-04-09,119.2,122.6,119.2,120.47,1273613,1.27,3.4,1.05,2.82,1.7,1
2018-04-06,120.77,122.5,117.83,118.65,2315834,-2.12,4.67,-1.79,3.94,2.34,-1
2018-04-05,122.77,122.99,120.82,121.81,1067933,-0.96,2.17,-0.79,1.78,1.09,-1
2018-04-04,117.66,122.18,117.61,121.83,2016852,4.17,4.57,3.42,3.75,2.29,1
2018-04-03,121.4,121.49,118.84,119.87,1713451,-1.53,2.65,-1.28,2.21,1.32,-1
2018-04-02,121.49,122.05,118.82,120.48,1545856,-1.01,3.23,-0.84,2.68,1.62,-1
2018-03-29,120.28,122.48,119.1,121.27,1927512,0.99,3.38,0.82,2.79,1.69,1
2018-03-28,123.26,123.26,119.33,119.95,1825034,-3.31,3.93,-2.76,3.28,1.97,-1
2018-03-27,127.38,128.35,122.24,123.37,1869689,-4.01,6.11,-3.25,4.95,3.06,-1
2018-03-26,123.66,126.45,123.58,126.03,1392899,2.37,2.87,1.88,2.28,1.44,1
2018-03-23,122.13,127.07,119.64,122.06,2675286,-0.07,7.43,-0.06,6.09,3.71,-1
2018-03-22,123.26,124.0,121.82,122.1,882415,-1.16,2.18,-0.95,1.79,1.09,-1
2018-03-21,126.12,126.12,123.91,124.35,1077572,-1.77,2.21,-1.42,1.78,1.11,-1
2018-03-20,125.95,128.42,125.41,126.16,1349660,0.21,3.01,0.17,2.39,1.5,1
2018-03-19,123.5,126.24,122.75,125.59,1463017,2.09,3.49,1.66,2.78,1.74,1
2018-03-16,125.16,127.06,124.35,124.47,2140236,-0.69,2.71,-0.55,2.18,1.36,-1
2018-03-15,125.35,125.97,124.58,125.51,1606006,0.16,1.39,0.13,1.11,0.7,1
2018-03-14,124.88,124.93,123.49,124.75,1477932,-0.13,1.44,-0.1,1.15,0.72,1
2018-03-13,127.19,127.5,123.39,124.03,1828357,-3.16,4.11,-2.55,3.31,2.05,-1
2018-03-12,125.72,127.76,124.76,127.19,3291912,1.47,3.0,1.16,2.36,1.5,1
2018-03-09,124.36,126.03,123.61,125.84,1755788,1.48,2.42,1.18,1.92,1.21,1
2018-03-08,125.02,126.02,122.93,123.52,1204783,-1.5,3.09,-1.21,2.5,1.54,-1
2018-03-07,119.5,124.48,119.33,124.25,2101238,4.75,5.15,3.82,4.14,2.58,1
2018-03-06,118.75,120.93,118.06,120.53,3489742,1.78,2.87,1.48,2.38,1.44,1
2018-03-05,114.35,118.72,113.9,118.24,4258039,3.89,4.82,3.29,4.08,2.41,1
2018-03-02,115.43,118.5,113.3,116.34,8108329,0.91,5.2,0.78,4.47,2.6,-1
2018-03-01,131.0,131.71,122.0,123.66,6308502,-7.34,9.71,-5.94,7.85,4.86,-1
2018-02-28,130.35,133.64,130.2,131.75,2220331,1.4,3.44,1.06,2.61,1.72,1
2018-02-27,128.6,130.56,128.17,128.85,2084233,0.25,2.39,0.19,1.85,1.2,1
2018-02-26,126.85,128.98,126.29,128.66,1780051,1.81,2.69,1.41,2.09,1.34,1
2018-02-23,126.41,126.88,124.29,126.42,1947602,0.01,2.59,0.01,2.05,1.29,1
2018-02-22,123.3,126.15,123.02,125.23,1575861,1.93,3.13,1.54,2.5,1.57,1
2018-02-21,124.34,126.53,122.78,122.94,1517065,-1.4,3.75,-1.14,3.05,1.88,-1
2018-02-20,123.39,124.51,122.54,123.6,1888738,0.21,1.97,0.17,1.59,0.98,-1
2018-02-16,122.84,125.37,122.1,124.55,1844348,1.71,3.27,1.37,2.63,1.64,1
2018-02-15,125.13,125.63,120.84,123.62,2206062,-1.51,4.79,-1.22,3.87,2.39,-1
2018-02-14,119.4,124.74,119.19,124.42,2822173,5.02,5.55,4.03,4.46,2.77,1
2018-02-13,115.9,120.24,115.11,120.08,2167897,4.18,5.13,3.48,4.27,2.56,1
2018-02-12,114.01,117.3,113.46,116.58,2535975,2.57,3.84,2.2,3.29,1.92,1
2018-02-09,110.01,114.93,108.82,113.13,2685629,3.12,6.11,2.76,5.4,3.06,1
2018-02-08,113.29,114.27,108.46,108.46,2953671,-4.83,5.81,-4.45,5.36,2.91,-1
2018-02-07,115.36,118.7,112.68,112.9,2412784,-2.46,6.02,-2.18,5.33,3.01,-1
2018-02-06,113.27,117.21,111.26,115.56,3180072,2.29,5.95,1.98,5.15,2.97,-1
2018-02-05,120.07,121.83,116.06,116.4,3325339,-3.67,5.77,-3.15,4.96,2.88,-1
2018-02-02,125.66,127.54,120.73,122.72,4002105,-2.94,6.81,-2.4,5.55,3.41,-1
2018-02-01,123.45,129.34,122.58,125.71,4241777,2.26,6.76,1.8,5.38,3.38,1
2018-01-31,120.79,127.83,120.01,123.79,6753332,3.0,7.82,2.42,6.32,3.91,1
2018-01-30,122.75,124.39,118.0,118.74,9259439,-4.01,6.39,-3.38,5.38,3.2,-1
2018-01-29,148.25,151.38,124.24,125.05,19964768,-23.2,27.14,-18.55,21.7,13.57,-1
2018-01-26,145.21,165.0,144.25,150.0,27096009,4.79,20.75,3.19,13.83,10.38,1
2018-01-25,137.66,139.32,136.74,137.63,1118902,-0.03,2.58,-0.02,1.87,1.29,1
2018-01-24,137.0,138.32,135.76,137.07,1437354,0.07,2.56,0.05,1.87,1.28,-1
2018-01-23,137.0,138.12,136.72,137.96,1342204,0.96,1.4,0.7,1.01,0.7,1
2018-01-22,136.15,137.4,134.85,136.69,1258681,0.54,2.55,0.4,1.87,1.28,1
2018-01-19,135.65,136.62,135.5,136.04,1286996,0.39,1.12,0.29,0.82,0.56,1
2018-01-18,135.0,136.19,134.01,135.63,1074478,0.63,2.18,0.46,1.61,1.09,1
2018-01-17,133.0,135.99,132.39,135.33,1432575,2.33,3.6,1.72,2.66,1.8,1
2018-01-16,133.21,134.45,132.06,132.14,1386101,-1.07,2.39,-0.81,1.81,1.19,-1
2018-01-12,132.79,133.12,131.5,132.53,1185661,-0.26,1.62,-0.2,1.22,0.81,-1
2018-01-11,131.73,133.33,130.87,133.27,1345194,1.54,2.46,1.16,1.85,1.23,1
2018-01-10,128.81,129.22,127.39,129.22,1270594,0.41,1.83,0.32,1.42,0.91,-1
2018-01-09,130.85,131.0,128.92,129.27,1305234,-1.58,2.08,-1.22,1.61,1.04,-1
2018-01-08,131.0,131.13,130.0,130.9,1276098,-0.1,1.13,-0.08,0.86,0.56,-1
2018-01-05,131.75,132.29,131.0,131.26,965254,-0.49,1.29,-0.37,0.98,0.64,1
2018-01-04,130.38,132.8,130.17,131.24,1638980,0.86,2.63,0.66,2.0,1.32,1
2018-01-03,127.98,130.99,127.8,130.03,1847862,2.05,3.19,1.58,2.45,1.6,1
2018-01-02,126.2,127.49,125.72,127.29,1283064,1.09,1.77,0.86,1.39,0.88,1
2017-12-29,126.53,126.92,125.26,125.32,1143600,-1.21,1.66,-0.97,1.32,0.83,-1
2017-12-28,127.33,127.33,125.96,126.61,1189027,-0.72,1.37,-0.57,1.08,0.69,-1
2017-12-27,127.6,127.96,126.75,126.96,1217024,-0.64,1.21,-0.5,0.95,0.6,-1
2017-12-26,127.25,128.0,126.58,127.56,959800,0.31,1.42,0.24,1.11,0.71,-1
2017-12-22,127.28,128.3,126.72,127.69,780984,0.41,1.58,0.32,1.24,0.79,1
2017-12-21,128.39,129.0,127.02,127.17,1355039,-1.22,1.98,-0.96,1.56,0.99,-1
2017-12-20,128.46,129.5,126.68,128.62,1691371,0.16,2.82,0.12,2.19,1.41,1
2017-12-19,127.83,128.26,126.65,128.14,1817800,0.31,1.61,0.24,1.26,0.8,-1
2017-12-18,125.0,129.48,124.87,128.89,2985164,3.89,4.61,3.02,3.58,2.3,1
2017-12-15,121.3,124.14,120.6,123.8,1917415,2.5,3.54,2.02,2.86,1.77,1
2017-12-14,122.23,123.93,121.17,121.25,1683318,-0.98,2.76,-0.81,2.28,1.38,-1
2017-12-13,120.18,122.88,120.15,121.87,1932123,1.69,2.73,1.39,2.24,1.36,1
2017-12-12,121.01,121.83,119.71,120.04,1768131,-0.97,2.12,-0.81,1.77,1.06,-1
2017-12-11,119.39,121.33,119.39,121.09,1310051,1.7,1.94,1.4,1.6,0.97,1
2017-12-08,118.5,120.53,118.0,119.57,1595300,1.07,2.53,0.89,2.12,1.27,1
2017-12-07,117.02,118.65,116.84,117.22,2334845,0.2,1.81,0.17,1.54,0.91,1
2017-12-06,114.2,116.9,113.78,116.67,1961948,2.47,3.12,2.12,2.67,1.56,1
2017-12-05,114.15,116.44,113.04,114.54,2668889,0.39,3.4,0.34,2.97,1.7,-1
2017-12-04,124.74,124.94,114.42,115.09,4958439,-9.65,10.52,-8.38,9.14,5.26,-1
2017-12-01,118.5,126.43,117.92,124.44,5756887,5.94,8.51,4.77,6.84,4.26,1
2017-11-30,122.0,122.0,117.89,120.11,4418634,-1.89,4.11,-1.57,3.42,2.05,1
2017-11-29,127.44,127.6,118.36,119.42,4558504,-8.02,9.24,-6.72,7.74,4.62,-1
2017-11-28,126.76,127.57,126.24,127.34,3448624,0.58,1.33,0.46,1.04,0.66,1
2017-11-27,125.0,126.66,124.61,126.21,2522653,1.21,2.05,0.96,1.62,1.02,1
2017-11-24,124.26,124.49,122.62,124.22,743598,-0.04,1.87,-0.03,1.51,0.93,1
2017-11-22,125.53,125.75,123.54,123.59,1532937,-1.94,2.21,-1.57,1.79,1.1,-1
2017-11-21,124.89,126.33,124.7,125.39,2097813,0.5,1.63,0.4,1.3,0.81,1
2017-11-20,123.78,124.35,123.48,124.06,1883601,0.28,0.87,0.23,0.7,0.43,1
2017-11-17,121.83,123.5,121.73,123.26,1564799,1.43,1.77,1.16,1.44,0.88,1
2017-11-16,121.58,123.45,121.51,122.71,1616014,1.13,1.94,0.92,1.58,0.97,1
2017-11-15,121.13,121.92,120.53,121.19,1840250,0.06,1.39,0.05,1.15,0.7,-1
2017-11-14,121.53,122.63,121.41,122.47,1931864,0.94,1.22,0.77,1.0,0.61,1
2017-11-13,122.0,122.44,121.04,121.84,1506999,-0.16,1.4,-0.13,1.15,0.7,-1
2017-11-10,120.78,122.21,120.78,122.15,1279653,1.37,1.43,1.12,1.17,0.71,1
2017-11-09,119.75,121.21,119.47,120.97,1387447,1.22,1.74,1.01,1.44,0.87,1
2017-11-08,119.91,121.49,119.75,120.55,1460345,0.64,1.74,0.53,1.44,0.87,1
2017-11-07,119.74,121.14,119.71,120.43,1564931,0.69,1.43,0.57,1.19,0.72,1
2017-11-06,117.99,119.91,117.94,119.21,1923010,1.22,1.97,1.02,1.65,0.98,1
2017-11-03,118.7,118.94,117.13,117.94,1348875,-0.76,1.81,-0.64,1.53,0.91,-1
2017-11-02,118.59,119.4,117.68,118.9,4030258,0.31,1.72,0.26,1.45,0.86,-1
2017-11-01,120.0,120.31,118.66,119.12,1563011,-0.88,1.65,-0.74,1.39,0.83,-1
2017-10-31,119.93,120.06,119.08,119.69,1631084,-0.24,0.98,-0.2,0.82,0.49,-1
2017-10-30,120.75,120.75,119.32,119.93,1090508,-0.82,1.43,-0.68,1.19,0.72,-1
2017-10-27,119.57,121.09,119.04,120.97,1614101,1.4,2.05,1.16,1.69,1.02,1
2017-10-26,119.2,119.48,118.38,119.01,1088048,-0.19,1.1,-0.16,0.92,0.55,1
2017-10-25,119.65,119.76,118.16,118.91,2353047,-0.74,1.6,-0.62,1.35,0.8,-1
2017-10-24,118.97,119.63,118.43,119.63,1883528,0.66,1.2,0.55,1.0,0.6,1
2017-10-23,118.74,119.55,118.5,119.11,1596264,0.37,1.05,0.31,0.88,0.52,1
2017-10-20,117.57,118.73,117.57,118.34,1558364,0.77,1.16,0.65,0.98,0.58,1
2017-10-19,116.16,117.4,116.04,117.4,1565425,1.24,1.36,1.06,1.16,0.68,1
2017-10-18,115.73,116.72,115.73,116.6,3083623,0.87,0.99,0.75,0.85,0.49,1
2017-10-17,115.13,115.85,115.0,115.6,1829844,0.47,0.85,0.41,0.74,0.42,1
2017-10-16,114.0,115.37,113.98,115.15,3245435,1.15,1.39,1.0,1.21,0.7,1
2017-10-13,113.55,114.18,113.51,113.62,1479458,0.07,0.67,0.06,0.59,0.33,1
2017-10-12,112.16,113.6,112.0,113.16,1507216,1.0,1.6,0.88,1.41,0.8,1
2017-10-11,111.62,112.24,110.9,112.03,1253099,0.41,1.34,0.37,1.2,0.67,1
2017-10-10,112.04,112.5,111.23,111.79,1308227,-0.25,1.27,-0.22,1.14,0.63,-1
2017-10-09,111.59,112.24,111.58,111.85,677838,0.26,0.66,0.23,0.59,0.33,1
2017-10-06,111.39,111.74,110.86,111.53,1250040,0.14,0.88,0.13,0.79,0.44,-1
2017-10-05,111.31,111.89,110.76,111.59,1397405,0.28,1.13,0.25,1.01,0.56,1
2017-10-04,110.6,111.0,109.72,110.59,1610421,-0.01,1.28,-0.01,1.16,0.64,-1
2017-10-03,110.58,111.27,110.2,110.6,1427190,0.02,1.07,0.02,0.97,0.53,1
2017-10-02,109.24,110.99,109.2,110.15,1431627,0.91,1.79,0.83,1.63,0.89,1
2017-09-29,109.08,110.15,109.05,109.19,1468910,0.11,1.1,0.1,1.01,0.55,-1
2017-09-28,109.26,109.41,108.19,109.2,1189196,-0.06,1.22,-0.05,1.12,0.61,-1
2017-09-27,109.61,110.23,108.66,109.21,2374038,-0.4,1.57,-0.37,1.44,0.79,1
2017-09-26,108.0,108.72,107.68,107.83,2359424,-0.17,1.04,-0.16,0.96,0.52,1
2017-09-25,109.21,109.64,107.12,107.52,1892175,-1.69,2.52,-1.57,2.34,1.26,-1
2017-09-22,108.91,109.48,108.5,109.15,1021049,0.24,0.98,0.22,0.9,0.49,1
2017-09-21,109.99,109.99,108.09,109.07,985688,-0.92,1.9,-0.84,1.74,0.95,-1
2017-09-20,109.73,112.0,109.07,110.13,1110218,0.4,2.93,0.36,2.66,1.47,1
2017-09-19,110.17,110.51,109.27,109.68,1634809,-0.49,1.24,-0.45,1.13,0.62,-1
2017-09-18,110.59,110.76,109.61,109.98,912728,-0.61,1.15,-0.55,1.05,0.58,-1
2017-09-15,110.7,110.7,110.0,110.25,1257694,-0.45,0.7,-0.41,0.63,0.35,-1
2017-09-14,110.95,111.61,109.94,110.75,1853319,-0.2,1.67,-0.18,1.51,0.84,1
2017-09-13,109.3,110.71,109.0,110.43,1759614,1.13,1.71,1.02,1.55,0.85,1
2017-09-12,108.0,109.67,107.36,109.6,1848656,1.6,2.31,1.46,2.11,1.16,1
2017-09-11,106.6,107.89,106.6,107.72,1398633,1.12,1.29,1.04,1.2,0.65,1
2017-09-08,106.51,107.67,106.0,106.1,1582428,-0.41,1.67,-0.39,1.57,0.84,-1
2017-09-07,107.45,107.83,106.37,106.5,1895219,-0.95,1.46,-0.89,1.37,0.73,-1
2017-09-06,107.4,108.11,107.01,107.29,1646054,-0.11,1.1,-0.1,1.03,0.55,1
2017-09-05,106.75,107.47,105.89,107.08,2035455,0.33,1.58,0.31,1.48,0.79,-1
2017-09-01,108.23,108.25,107.24,107.48,1406262,-0.75,1.01,-0.7,0.94,0.51,-1
2017-08-31,107.0,108.33,106.92,108.1,2261612,1.1,1.41,1.02,1.3,0.7,1
2017-08-30,105.0,107.24,104.87,106.96,2017683,1.96,2.37,1.83,2.22,1.18,1
2017-08-29,103.72,105.48,103.34,104.93,2105558,1.21,2.14,1.15,2.04,1.07,1
2017-08-28,102.24,105.59,102.03,104.68,3544055,2.44,3.56,2.33,3.4,1.78,1
2017-08-25,103.51,104.81,102.73,102.74,3477120,-0.77,2.08,-0.75,2.02,1.04,1
2017-08-24,100.93,101.79,100.75,100.83,1864854,-0.1,1.04,-0.1,1.03,0.52,1
2017-08-23,99.5,101.0,99.17,100.39,1813590,0.89,1.83,0.89,1.82,0.91,1
2017-08-22,98.83,100.16,98.38,99.93,2451382,1.1,1.78,1.1,1.78,0.89,1
2017-08-21,96.28,97.1,95.53,97.01,928626,0.73,1.57,0.75,1.62,0.78,1
2017-08-18,95.7,96.6,95.36,96.27,768650,0.57,1.24,0.59,1.29,0.62,1
2017-08-17,96.5,97.3,95.75,95.77,965870,-0.73,1.55,-0.76,1.62,0.77,-1
2017-08-16,95.7,97.47,95.29,96.66,1330403,0.96,2.18,0.99,2.26,1.09,1
2017-08-15,98.0,98.0,95.21,95.29,2516813,-2.71,2.79,-2.84,2.93,1.4,-1
2017-08-14,95.72,98.2,95.11,98.02,4727769,2.3,3.09,2.35,3.15,1.55,1
2017-08-11,91.83,92.27,91.37,91.95,1033503,0.12,0.9,0.13,0.98,0.45,-1
2017-08-10,92.67,93.0,91.69,92.0,1281760,-0.67,1.31,-0.73,1.42,0.66,-1
2017-08-09,92.56,93.08,92.39,92.93,941282,0.37,0.69,0.4,0.74,0.34,-1
2017-08-08,93.27,93.54,92.72,93.4,869416,0.13,0.82,0.14,0.88,0.41,-1
2017-08-07,93.04,93.7,92.75,93.42,646246,0.38,0.95,0.41,1.02,0.48,1
2017-08-04,92.43,93.22,92.43,93.09,811077,0.66,0.79,0.71,0.85,0.39,1
2017-08-03,91.95,92.48,91.52,92.43,1111216,0.48,0.96,0.52,1.04,0.48,1
2017-08-02,92.7,92.7,91.71,92.11,1600207,-0.59,0.99,-0.64,1.07,0.5,-1
2017-08-01,92.6,92.71,91.95,92.7,811077,0.1,0.76,0.11,0.82,0.38,-1
2017-07-31,92.5,93.22,92.31,92.71,1595475,0.21,0.91,0.23,0.98,0.45,1
2017-07-28,91.49,92.41,91.26,92.3,1126532,0.81,1.15,0.88,1.25,0.57,1
2017-07-27,92.67,92.69,90.76,92.0,1578660,-0.67,1.93,-0.73,2.1,0.96,-1
2017-07-26,92.53,92.53,91.88,92.36,795236,-0.17,0.65,-0.18,0.7,0.33,-1
2017-07-25,92.27,92.85,91.8,92.38,736296,0.11,1.05,0.12,1.14,0.52,1
2017-07-24,92.14,92.45,91.84,92.29,808821,0.15,0.61,0.16,0.66,0.3,1
2017-07-21,92.3,92.47,91.83,92.27,1031710,-0.03,0.64,-0.03,0.69,0.32,-1
2017-07-20,92.49,92.73,91.98,92.54,1535418,0.05,0.75,0.05,0.81,0.38,1
2017-07-19,91.35,92.27,90.84,92.26,1417717,0.91,1.43,0.99,1.55,0.71,1
2017-07-18,91.1,91.1,90.19,91.01,1598637,-0.09,0.91,-0.1,1.0,0.45,-1
2017-07-17,88.51,91.14,88.11,91.05,2329203,2.54,3.03,2.79,3.33,1.52,1
2017-07-14,88.94,89.0,88.0,88.37,601904,-0.57,1.0,-0.65,1.13,0.5,-1
2017-07-13,89.0,89.19,88.0,88.5,983461,-0.5,1.19,-0.56,1.34,0.59,-1
2017-07-12,88.93,89.19,88.45,88.78,1048924,-0.15,0.74,-0.17,0.83,0.37,1
2017-07-11,88.22,89.0,87.75,88.56,1223621,0.34,1.25,0.38,1.41,0.62,1
2017-07-10,88.13,88.45,87.54,88.34,1133992,0.21,0.91,0.24,1.03,0.45,1
2017-07-07,87.93,88.72,87.72,88.19,1071528,0.26,1.0,0.29,1.13,0.5,1
2017-07-06,86.65,87.65,86.2,87.51,1543412,0.86,1.45,0.98,1.66,0.73,1
2017-07-05,85.92,87.5,85.7,87.25,1417258,1.33,1.8,1.52,2.06,0.9,1
2017-07-03,87.87,87.92,85.84,85.89,917770,-1.98,2.08,-2.31,2.42,1.04,-1
2017-06-30,87.13,87.75,86.91,87.43,1138483,0.3,0.84,0.34,0.96,0.42,1
2017-06-29,89.06,89.3,85.95,87.05,2098829,-2.01,3.35,-2.31,3.85,1.67,-1
2017-06-28,89.67,90.21,88.99,89.58,1121401,-0.09,1.22,-0.1,1.36,0.61,1
2017-06-27,90.42,90.84,89.18,89.25,1570326,-1.17,1.66,-1.31,1.86,0.83,-1
2017-06-26,91.14,91.67,90.58,90.66,1135657,-0.48,1.09,-0.53,1.21,0.55,-1
2017-06-23,90.5,91.35,90.2,90.92,2685182,0.42,1.15,0.46,1.26,0.57,1
2017-06-22,90.08,90.81,89.6,90.44,1038717,0.36,1.21,0.4,1.34,0.61,1
2017-06-21,89.88,90.11,89.38,90.01,2398258,0.13,0.73,0.14,0.81,0.37,1
2017-06-20,88.93,88.98,88.18,88.22,1298786,-0.71,0.81,-0.8,0.91,0.4,-1
2017-06-19,88.95,89.04,88.26,88.78,991980,-0.17,0.77,-0.19,0.87,0.39,1
2017-06-16,87.71,88.3,87.5,88.1,2364209,0.39,0.8,0.44,0.91,0.4,1
2017-06-15,87.0,87.76,86.25,87.73,2026525,0.73,1.51,0.83,1.72,0.76,-1
2017-06-14,88.95,89.19,87.24,87.95,1736938,-1.0,1.95,-1.14,2.22,0.98,-1
2017-06-13,88.13,88.88,87.28,88.81,2546192,0.68,1.6,0.77,1.8,0.8,1
2017-06-12,86.31,88.05,85.45,87.36,3063154,1.05,2.6,1.2,2.98,1.3,-1
2017-06-09,90.55,91.13,86.8,87.63,3263282,-2.92,4.33,-3.33,4.94,2.16,-1
2017-06-08,92.62,92.62,88.67,90.61,3846453,-2.01,3.95,-2.22,4.36,1.98,-1
2017-06-07,91.95,92.97,91.83,92.85,2180423,0.9,1.14,0.97,1.23,0.57,1
2017-06-06,92.04,92.53,91.39,92.08,2678326,0.04,1.14,0.04,1.24,0.57,1
2017-06-05,94.71,95.34,91.72,91.9,4642731,-2.81,3.62,-3.06,3.94,1.81,-1
2017-06-02,94.84,96.69,93.57,95.36,4322269,0.52,3.12,0.55,3.27,1.56,-1
2017-06-01,97.85,98.0,96.23,97.4,3015223,-0.45,1.77,-0.46,1.82,0.88,1
2017-05-31,97.69,97.69,95.75,97.15,2857156,-0.54,1.94,-0.56,2.0,0.97,1
2017-05-30,96.95,97.78,96.33,96.74,1454718,-0.21,1.45,-0.22,1.5,0.73,-1
2017-05-26,96.84,97.2,96.11,96.81,821680,-0.03,1.09,-0.03,1.13,0.55,1
2017-05-25,96.54,97.36,96.23,96.77,873292,0.23,1.13,0.24,1.17,0.56,1
2017-05-24,95.29,96.13,94.93,96.02,1226213,0.73,1.2,0.76,1.25,0.6,1
2017-05-23,95.5,96.11,94.34,94.87,1152595,-0.63,1.77,-0.66,1.87,0.88,-1
2017-05-22,92.66,95.42,92.62,95.24,1440253,2.58,2.8,2.71,2.94,1.4,1
2017-05-19,93.21,93.96,92.23,92.52,956412,-0.69,1.73,-0.75,1.87,0.86,1
2017-05-18,92.27,92.56,91.29,92.28,1137363,0.01,1.27,0.01,1.38,0.63,1
2017-05-17,93.65,94.0,92.23,92.27,1113020,-1.38,1.77,-1.5,1.92,0.88,-1
2017-05-16,95.0,95.47,94.42,94.64,988411,-0.36,1.05,-0.38,1.11,0.52,-1
2017-05-15,93.25,94.65,92.91,94.65,1265703,1.4,1.74,1.48,1.84,0.87,1
2017-05-12,93.61,93.79,92.93,93.2,1329378,-0.41,0.86,-0.44,0.92,0.43,-1
2017-05-11,93.76,94.26,93.08,93.49,740858,-0.27,1.18,-0.29,1.26,0.59,-1
2017-05-10,94.03,94.42,93.35,94.15,819484,0.12,1.07,0.13,1.14,0.54,1
2017-05-09,94.76,95.17,93.96,94.06,887775,-0.7,1.2,-0.74,1.28,0.6,-1
2017-05-08,93.91,95.01,93.88,94.59,1101815,0.68,1.13,0.72,1.19,0.57,1
2017-05-05,93.04,93.99,92.76,93.97,1104556,0.93,1.23,0.99,1.31,0.61,1
2017-05-04,92.77,92.91,92.05,92.82,847780,0.05,0.86,0.05,0.92,0.43,1
2017-05-03,93.21,93.64,92.42,92.63,920860,-0.58,1.22,-0.63,1.31,0.61,-1
2017-05-02,94.17,94.21,93.02,93.4,1385381,-0.77,1.19,-0.82,1.27,0.59,-1
2017-05-01,94.5,94.82,93.0,94.58,2430915,0.08,1.82,0.08,1.92,0.91,1
2017-04-28,94.14,94.49,93.38,94.12,1063286,-0.02,1.11,-0.02,1.18,0.55,-1
2017-04-27,94.02,94.29,93.62,94.25,819410,0.23,0.67,0.24,0.71,0.33,1
2017-04-26,93.01,94.24,92.89,93.91,1442207,0.9,1.35,0.96,1.44,0.67,1
2017-04-25,93.44,93.57,92.45,93.0,1919453,-0.44,1.12,-0.47,1.2,0.56,-1
2017-04-24,92.0,93.14,91.55,93.07,1590035,1.07,1.59,1.15,1.71,0.8,1
2017-04-21,91.96,92.0,90.56,90.85,2202795,-1.11,1.44,-1.22,1.58,0.72,-1
2017-04-20,91.65,92.36,91.03,91.86,972873,0.21,1.33,0.23,1.45,0.66,1
2017-04-19,91.94,92.0,91.52,91.81,829511,-0.13,0.48,-0.14,0.52,0.24,1
2017-04-18,91.37,92.31,91.03,91.69,1337287,0.32,1.28,0.35,1.4,0.64,1
2017-04-17,91.0,91.56,90.69,91.33,1075162,0.33,0.87,0.36,0.95,0.44,1
2017-04-13,91.0,91.73,90.76,90.81,844186,-0.19,0.97,-0.21,1.07,0.48,-1
2017-04-12,92.39,92.39,91.12,91.22,748362,-1.17,1.28,-1.28,1.4,0.64,-1
2017-04-11,92.42,92.69,91.69,92.43,963396,0.01,1.0,0.01,1.08,0.5,-1
2017-04-10,92.11,92.73,91.8,92.52,1126805,0.41,0.93,0.44,1.01,0.47,1
2017-04-07,91.74,92.42,91.3,92.33,1461628,0.59,1.12,0.64,1.21,0.56,1
2017-04-06,91.33,91.67,90.84,91.52,1121660,0.19,0.83,0.21,0.91,0.41,1
2017-04-05,92.25,92.6,91.09,91.15,1670175,-1.1,1.51,-1.21,1.66,0.75,-1
2017-04-04,91.7,92.45,91.54,92.23,1137142,0.53,0.91,0.57,0.99,0.45,1
2017-04-03,92.01,92.83,91.09,91.67,1274792,-0.34,1.74,-0.37,1.9,0.87,-1
2017-03-31,91.5,92.21,91.15,92.14,1404816,0.64,1.06,0.69,1.15,0.53,1
2017-03-30,92.0,92.89,91.29,91.42,1263586,-0.58,1.6,-0.63,1.75,0.8,-1
2017-03-29,91.92,92.11,91.0,91.84,1021320,-0.08,1.11,-0.09,1.21,0.55,-1
2017-03-28,92.06,92.84,91.75,92.14,1282756,0.08,1.09,0.09,1.18,0.55,1
2017-03-27,90.83,92.27,90.01,91.9,1377926,1.07,2.26,1.16,2.46,1.13,1
2017-03-24,91.62,92.48,91.2,91.73,998325,0.11,1.28,0.12,1.4,0.64,1
2017-03-23,91.11,92.08,90.76,91.14,863808,0.03,1.32,0.03,1.45,0.66,-1
2017-03-22,90.1,91.53,89.96,91.25,1017097,1.15,1.57,1.26,1.72,0.79,1
2017-03-21,92.72,92.95,89.98,90.12,1345625,-2.6,2.97,-2.89,3.3,1.48,-1
2017-03-20,92.53,93.05,92.15,92.61,1205609,0.08,0.9,0.09,0.97,0.45,1
2017-03-17,92.1,93.0,92.1,92.6,1424846,0.5,0.9,0.54,0.97,0.45,1
2017-03-16,91.5,92.12,90.84,92.07,1475220,0.57,1.28,0.62,1.39,0.64,1
2017-03-15,90.25,91.47,89.79,91.09,1450896,0.84,1.68,0.92,1.84,0.84,1
2017-03-14,89.88,90.52,89.13,90.38,971786,0.5,1.39,0.55,1.54,0.7,1
2017-03-13,89.94,90.64,89.67,89.88,1325329,-0.06,0.97,-0.07,1.08,0.48,-1
2017-03-10,89.56,89.99,89.09,89.9,959790,0.34,0.9,0.38,1.0,0.45,1
2017-03-09,89.29,89.65,88.68,89.33,880014,0.04,0.97,0.04,1.08,0.48,-1
2017-03-08,89.22,90.33,88.77,89.74,1027221,0.52,1.56,0.58,1.74,0.78,1
2017-03-07,89.0,90.04,88.96,89.33,1571052,0.33,1.08,0.37,1.21,0.54,1
2017-03-06,89.44,89.69,88.55,88.86,1868520,-0.58,1.14,-0.65,1.28,0.57,-1
2017-03-03,89.84,89.98,89.01,89.69,1837994,-0.15,0.97,-0.17,1.08,0.48,-1
2017-03-02,90.75,90.91,89.68,89.7,1412343,-1.05,1.23,-1.17,1.37,0.61,-1
2017-03-01,90.86,91.36,90.02,90.76,1071168,-0.1,1.34,-0.11,1.48,0.67,1
2017-02-28,90.23,90.51,89.76,89.89,1273672,-0.34,0.75,-0.38,0.83,0.38,-1
2017-02-27,90.61,90.96,90.12,90.57,624973,-0.04,0.84,-0.04,0.93,0.42,-1
2017-02-24,90.56,91.04,90.1,91.01,600620,0.45,0.95,0.49,1.04,0.47,1
2017-02-23,92.08,92.09,90.67,90.74,681037,-1.34,1.42,-1.48,1.56,0.71,-1
2017-02-22,92.02,92.26,91.26,91.76,1079077,-0.26,1.0,-0.28,1.08,0.5,-1
2017-02-21,91.2,92.35,91.0,92.35,1333830,1.15,1.35,1.25,1.46,0.67,1
2017-02-17,90.58,91.6,90.5,91.22,1300717,0.64,1.1,0.7,1.21,0.55,1
2017-02-16,91.06,91.46,90.5,90.95,916397,-0.11,0.96,-0.12,1.06,0.48,1
2017-02-15,90.62,91.1,90.37,90.76,948599,0.14,0.73,0.15,0.8,0.36,1
2017-02-14,90.25,90.88,90.1,90.62,922715,0.37,0.78,0.41,0.86,0.39,1
2017-02-13,89.85,90.76,89.63,90.37,1159018,0.52,1.13,0.58,1.26,0.57,1
2017-02-10,90.11,90.49,89.65,89.92,1082660,-0.19,0.84,-0.21,0.93,0.42,-1
2017-02-09,90.0,90.8,89.65,89.99,1090626,-0.01,1.16,-0.01,1.28,0.58,1
2017-02-08,89.67,89.91,89.21,89.76,1198360,0.09,0.7,0.1,0.78,0.35,1
2017-02-07,89.32,90.32,89.18,89.47,1242940,0.15,1.14,0.17,1.27,0.57,1
2017-02-06,88.8,89.74,88.66,89.37,1091685,0.57,1.08,0.64,1.2,0.54,1
2017-02-03,88.04,89.17,88.0,88.95,1143548,0.91,1.17,1.02,1.32,0.59,1
2017-02-02,87.01,88.47,86.52,88.0,1469945,0.99,1.95,1.12,2.22,0.98,1
2017-02-01,86.65,87.5,86.44,87.19,1995191,0.54,1.06,0.62,1.22,0.53,-1
2017-01-31,86.41,87.55,86.07,87.54,1728073,1.13,1.48,1.29,1.69,0.74,1
2017-01-30,87.43,87.5,85.71,87.03,2551791,-0.4,1.79,-0.46,2.06,0.9,-1
2017-01-27,87.55,89.5,86.23,87.16,5694785,-0.39,3.27,-0.45,3.75,1.63,1
2017-01-26,85.52,85.52,83.66,84.22,2691962,-1.3,1.86,-1.54,2.21,0.93,-1
2017-01-25,84.93,85.23,83.9,84.9,1894745,-0.03,1.33,-0.04,1.57,0.66,1
2017-01-24,82.55,84.7,82.55,84.62,1978541,2.07,2.15,2.45,2.54,1.08,1
2017-01-23,82.69,82.77,81.26,82.05,1674894,-0.64,1.51,-0.78,1.84,0.75,-1
2017-01-20,83.02,83.82,82.64,82.64,2154377,-0.38,1.18,-0.46,1.43,0.59,-1
2017-01-19,82.7,83.47,82.39,82.69,1348478,-0.01,1.08,-0.01,1.31,0.54,-1
2017-01-18,82.0,82.84,81.43,82.78,1015383,0.78,1.41,0.94,1.7,0.7,1
2017-01-17,82.05,83.12,81.11,81.49,1449633,-0.56,2.01,-0.69,2.46,1.0,-1
2017-01-13,81.54,82.38,81.48,82.01,1116329,0.47,0.9,0.57,1.1,0.45,1
2017-01-12,82.18,82.18,80.9,81.78,1131524,-0.4,1.28,-0.49,1.57,0.64,-1
2017-01-11,81.61,82.26,81.31,82.1,1355009,0.49,0.95,0.6,1.16,0.48,1
2017-01-10,80.95,82.06,80.54,81.48,1131209,0.53,1.52,0.65,1.87,0.76,1
2017-01-09,80.71,80.99,79.48,80.55,2027445,-0.16,1.5,-0.2,1.87,0.75,-1
2017-01-06,79.69,81.55,79.69,81.5,1177856,1.81,1.86,2.22,2.28,0.93,1
2017-01-05,79.29,79.6,78.56,79.46,858409,0.17,1.04,0.21,1.31,0.52,-1
2017-01-04,79.18,79.76,78.92,79.49,1227365,0.31,0.84,0.39,1.06,0.42,1
2017-01-03,78.33,79.51,77.94,78.88,1232753,0.55,1.57,0.7,1.99,0.79,1
2016-12-30,79.0,79.39,78.46,78.73,744732,-0.27,0.93,-0.34,1.18,0.47,-1
2016-12-29,79.45,79.65,78.27,79.11,921854,-0.34,1.38,-0.43,1.74,0.69,-1
2016-12-28,80.23,80.89,79.16,79.47,875288,-0.76,1.73,-0.96,2.18,0.87,-1
2016-12-27,80.35,80.68,79.89,80.21,842427,-0.14,0.79,-0.17,0.98,0.4,1
2016-12-23,79.45,80.2,79.18,80.12,933160,0.67,1.02,0.84,1.27,0.51,1
2016-12-22,81.74,81.74,79.23,79.54,1669989,-2.2,2.51,-2.77,3.16,1.25,-1
2016-12-21,81.77,82.2,81.06,81.91,795466,0.14,1.14,0.17,1.39,0.57,1
2016-12-20,81.66,82.4,81.6,81.86,883094,0.2,0.8,0.24,0.98,0.4,1
2016-12-19,80.82,81.78,80.62,81.38,1026637,0.56,1.16,0.69,1.43,0.58,1
2016-12-16,82.43,82.58,80.42,80.79,3167423,-1.64,2.16,-2.03,2.67,1.08,-1
2016-12-15,80.99,83.0,80.57,82.58,3874086,1.59,2.43,1.93,2.94,1.22,1
2016-12-14,80.01,81.22,79.68,80.92,1786753,0.91,1.55,1.12,1.91,0.77,1
2016-12-13,80.47,81.31,79.94,80.02,920974,-0.45,1.37,-0.56,1.71,0.69,-1
2016-12-12,80.43,80.71,79.59,80.34,1148217,-0.09,1.12,-0.11,1.39,0.56,-1
2016-12-09,81.0,81.34,80.15,80.58,1193653,-0.42,1.19,-0.52,1.48,0.59,-1
2016-12-08,81.16,81.95,80.47,80.75,1593989,-0.41,1.48,-0.51,1.83,0.74,-1
2016-12-07,80.6,81.33,79.78,81.16,1712573,0.56,1.55,0.69,1.91,0.77,1
2016-12-06,80.16,80.72,79.38,80.55,1239426,0.39,1.34,0.48,1.66,0.67,1
2016-12-05,79.0,80.44,78.79,80.21,1289174,1.21,1.65,1.51,2.06,0.82,1
2016-12-02,77.14,79.13,76.81,78.76,1673596,1.62,2.32,2.06,2.94,1.16,1
2016-12-01,81.14,81.43,77.53,78.04,2806942,-3.1,3.9,-3.97,5.0,1.95,-1
2016-11-30,81.61,81.84,81.03,81.14,1341432,-0.47,0.81,-0.58,1.0,0.41,-1
2016-11-29,80.0,81.81,79.58,81.61,2084797,1.61,2.23,1.97,2.73,1.12,1
2016-11-28,79.85,80.39,79.54,79.88,935040,0.03,0.85,0.04,1.06,0.42,1
2016-11-25,79.44,79.96,79.28,79.8,262482,0.36,0.68,0.45,0.85,0.34,1
2016-11-23,80.27,80.69,79.21,79.35,1029297,-0.92,1.48,-1.16,1.87,0.74,-1
2016-11-22,80.4,80.87,79.58,80.19,1104553,-0.21,1.3,-0.26,1.61,0.65,-1
2016-11-21,80.05,80.88,80.04,80.4,1339206,0.35,0.84,0.44,1.04,0.42,1
2016-11-18,80.0,80.34,79.6,80.14,1756710,0.14,0.74,0.17,0.92,0.37,1
2016-11-17,78.59,79.97,78.42,79.97,1855421,1.38,1.55,1.73,1.94,0.77,1
2016-11-16,77.75,78.61,77.72,78.47,1076519,0.72,0.89,0.92,1.14,0.45,1
2016-11-15,76.27,78.32,76.09,78.25,2416134,1.98,2.23,2.53,2.85,1.11,1
2016-11-14,76.5,76.95,74.85,75.82,2226139,-0.68,2.1,-0.9,2.77,1.05,-1
2016-11-11,76.75,76.89,76.14,76.44,1149053,-0.31,0.75,-0.41,0.98,0.37,-1
2016-11-10,77.13,78.52,76.11,76.82,1965896,-0.31,2.41,-0.4,3.14,1.2,-1
2016-11-09,76.46,77.97,76.18,76.97,2051168,0.51,1.79,0.66,2.33,0.89,-1
2016-11-08,77.92,78.04,77.29,77.46,1499557,-0.46,0.75,-0.59,0.97,0.38,-1
2016-11-07,77.68,78.53,77.52,77.89,1792667,0.21,1.01,0.27,1.3,0.51,1
2016-11-04,77.38,78.22,76.69,76.79,1907987,-0.59,1.53,-0.77,1.99,0.77,-1
2016-11-03,79.0,79.0,77.57,77.73,1422455,-1.27,1.43,-1.63,1.84,0.71,-1
2016-11-02,77.45,78.66,77.45,78.27,1896911,0.82,1.2,1.05,1.54,0.6,1
2016-11-01,78.9,79.15,77.62,77.97,2450870,-0.93,1.53,-1.19,1.96,0.77,-1
2016-10-31,78.0,78.68,77.86,78.6,3183876,0.6,0.83,0.76,1.05,0.41,1
2016-10-28,75.98,77.87,75.76,77.65,4281471,1.67,2.11,2.15,2.72,1.05,1
2016-10-27,77.12,77.98,75.51,75.77,7117007,-1.35,2.47,-1.78,3.26,1.23,1
2016-10-26,72.86,73.56,72.8,73.31,2611790,0.45,0.76,0.61,1.04,0.38,1
2016-10-25,74.15,74.15,72.74,73.2,1664086,-0.95,1.42,-1.3,1.93,0.71,-1
2016-10-24,74.26,74.33,73.34,73.97,1721140,-0.29,0.99,-0.39,1.34,0.49,1
2016-10-21,73.42,73.48,72.65,72.91,1054416,-0.51,0.83,-0.7,1.13,0.41,-1
2016-10-20,73.32,73.83,72.92,73.26,1157031,-0.06,0.91,-0.08,1.24,0.45,-1
2016-10-19,73.09,73.54,72.9,73.49,1011967,0.4,0.64,0.54,0.86,0.32,1
2016-10-18,73.61,73.75,72.66,73.13,907609,-0.48,1.09,-0.66,1.5,0.55,1
2016-10-17,72.9,73.17,72.48,72.87,958173,-0.03,0.69,-0.04,0.95,0.34,-1
2016-10-14,73.53,73.66,72.92,72.98,1470751,-0.55,0.74,-0.75,1.01,0.37,-1
2016-10-13,72.73,73.34,72.27,73.03,1488839,0.3,1.07,0.41,1.47,0.54,-1
2016-10-12,72.79,73.51,72.7,73.21,1697647,0.42,0.81,0.57,1.11,0.41,-1
2016-10-11,73.22,73.68,72.34,73.4,1930099,0.18,1.34,0.25,1.83,0.67,1
2016-10-10,74.09,74.29,73.13,73.15,1380585,-0.94,1.16,-1.29,1.59,0.58,-1
2016-10-07,74.3,74.44,73.7,73.99,1866988,-0.31,0.74,-0.42,1.0,0.37,-1
2016-10-06,74.11,74.4,73.62,74.28,2440842,0.17,0.78,0.23,1.05,0.39,1
2016-10-05,72.5,74.66,72.5,74.0,2903663,1.5,2.16,2.03,2.92,1.08,1
2016-10-04,72.88,73.26,72.05,72.45,2331096,-0.43,1.22,-0.59,1.68,0.61,-1
2016-10-03,73.09,73.7,73.09,73.61,1057241,0.52,0.61,0.71,0.83,0.3,1
2016-09-30,73.49,73.7,72.96,73.35,1023306,-0.14,0.74,-0.19,1.01,0.37,1
2016-09-29,73.81,74.06,72.98,73.08,885374,-0.73,1.08,-1.0,1.48,0.54,-1
2016-09-28,73.79,73.99,73.22,73.85,966811,0.06,0.77,0.08,1.04,0.38,1
2016-09-27,73.18,73.6,73.15,73.6,1317516,0.42,0.45,0.57,0.61,0.22,1
2016-09-26,73.17,73.44,72.93,73.44,1259531,0.27,0.51,0.37,0.69,0.25,1
2016-09-23,73.98,74.0,73.25,73.38,1379724,-0.6,0.75,-0.82,1.02,0.38,-1
2016-09-22,74.0,74.16,73.57,73.81,2085666,-0.19,0.59,-0.26,0.8,0.3,1
2016-09-21,73.44,73.48,72.81,73.42,2513342,-0.02,0.67,-0.03,0.91,0.34,1
2016-09-20,73.2,73.5,72.27,73.05,2108848,-0.15,1.23,-0.21,1.69,0.62,1
2016-09-19,72.65,73.25,72.37,72.68,2034258,0.03,0.88,0.04,1.21,0.44,1
2016-09-16,73.2,73.2,72.32,72.44,3117967,-0.76,0.88,-1.05,1.21,0.44,-1
2016-09-15,73.44,73.61,73.13,73.36,2322757,-0.08,0.48,-0.11,0.65,0.24,1
2016-09-14,72.83,74.03,72.83,73.3,2901413,0.47,1.2,0.64,1.64,0.6,1
2016-09-13,73.05,73.97,72.64,73.1,3862691,0.05,1.33,0.07,1.82,0.66,-1
2016-09-12,72.64,73.89,72.55,73.67,4810923,1.03,1.34,1.4,1.82,0.67,1
2016-09-09,74.03,74.69,72.48,73.08,4356964,-0.95,2.21,-1.3,3.02,1.1,-1
2016-09-08,73.57,74.59,72.98,74.34,5675543,0.77,1.61,1.04,2.17,0.8,1
2016-09-07,73.28,74.49,71.81,72.76,7486471,-0.52,2.68,-0.71,3.68,1.34,-1
2016-09-06,73.78,74.49,71.96,73.39,5544744,-0.39,2.53,-0.53,3.45,1.27,-1
2016-09-02,73.71,73.88,72.75,73.78,3646866,0.07,1.13,0.09,1.53,0.56,-1
2016-09-01,73.46,75.33,73.28,73.78,4263031,0.32,2.05,0.43,2.78,1.02,1
2016-08-31,74.0,74.11,72.4,73.33,4017800,-0.67,1.71,-0.91,2.33,0.85,-1
2016-08-30,76.59,76.99,73.99,74.22,4460670,-2.37,3.0,-3.19,4.04,1.5,-1
2016-08-29,73.94,75.57,73.58,75.23,1509095,1.29,1.98,1.71,2.64,0.99,1
2016-08-26,74.71,74.83,73.8,74.25,1595462,-0.46,1.03,-0.62,1.39,0.52,-1
2016-08-25,74.27,75.21,74.0,74.53,1656520,0.26,1.21,0.35,1.62,0.6,-1
2016-08-24,74.3,75.42,74.26,74.69,2671739,0.39,1.16,0.52,1.55,0.58,1
2016-08-23,73.17,74.59,72.68,74.56,2506915,1.39,1.91,1.86,2.56,0.95,1
2016-08-22,72.84,73.08,72.2,73.08,2460190,0.24,0.88,0.33,1.2,0.44,1
2016-08-19,71.42,72.97,71.42,72.84,3303248,1.42,1.55,1.95,2.13,0.77,1
2016-08-18,70.64,72.18,70.34,72.05,3728459,1.41,1.84,1.96,2.55,0.92,1
2016-08-17,70.8,71.15,70.32,70.41,1723960,-0.39,0.84,-0.55,1.19,0.42,-1
2016-08-16,71.5,71.61,70.78,70.81,2755843,-0.69,0.83,-0.97,1.17,0.41,-1
2016-08-15,71.14,71.47,70.75,70.87,1448264,-0.27,0.72,-0.38,1.02,0.36,-1
2016-08-12,70.46,71.3,70.26,71.08,969885,0.62,1.04,0.87,1.46,0.52,1
2016-08-11,71.0,71.24,70.71,71.02,1217545,0.02,0.53,0.03,0.75,0.27,1
2016-08-10,71.53,71.69,70.55,70.72,2069498,-0.81,1.14,-1.15,1.62,0.57,-1
2016-08-09,71.17,72.0,71.17,71.53,1680456,0.36,0.83,0.5,1.16,0.41,1
2016-08-08,71.24,71.64,70.96,71.09,1737047,-0.15,0.68,-0.21,0.96,0.34,1
2016-08-05,70.7,71.24,70.41,70.98,1600718,0.28,0.83,0.39,1.17,0.41,1
2016-08-04,70.08,70.94,70.08,70.33,1639340,0.25,0.86,0.36,1.22,0.43,-1
2016-08-03,69.86,70.68,69.86,70.4,2302069,0.54,0.82,0.77,1.16,0.41,1
2016-08-02,72.25,72.58,70.09,70.11,3140345,-2.14,2.49,-3.05,3.55,1.24,-1
2016-08-01,71.45,72.88,71.45,72.49,2949618,1.04,1.43,1.43,1.97,0.71,-1
2016-07-29,72.81,73.14,72.35,72.98,1588183,0.17,0.79,0.23,1.08,0.4,1
2016-07-28,72.78,73.32,72.36,72.97,1451518,0.19,0.96,0.26,1.32,0.48,1
2016-07-27,73.04,73.16,72.13,72.77,2385045,-0.27,1.03,-0.37,1.42,0.52,1
2016-07-26,72.06,73.0,72.06,72.68,2127783,0.62,0.94,0.85,1.29,0.47,1
2016-07-25,72.17,73.03,72.05,72.46,2854708,0.29,0.98,0.4,1.35,0.49,1
2016-07-22,70.69,71.89,70.54,71.55,1958578,0.86,1.35,1.2,1.89,0.67,1
2016-07-21,69.76,71.8,69.52,70.69,4165919,0.93,2.28,1.32,3.23,1.14,1
2016-07-20,68.55,70.42,68.32,69.95,3946103,1.4,2.09,2.0,2.99,1.05,1
2016-07-19,68.58,69.31,67.25,68.23,9152454,-0.35,2.06,-0.51,3.02,1.03,1
2016-07-18,62.46,63.0,62.14,62.57,5476710,0.11,0.86,0.18,1.37,0.43,1
2016-07-15,61.32,62.33,60.82,62.07,1944357,0.75,1.51,1.21,2.43,0.75,1
2016-07-14,61.46,61.78,60.99,61.04,1288078,-0.42,0.79,-0.69,1.29,0.39,1
2016-07-13,61.32,61.38,60.27,60.96,1916340,-0.36,1.11,-0.59,1.82,0.55,-1
2016-07-12,60.21,61.28,59.85,61.15,2139676,0.94,1.43,1.54,2.34,0.71,1
2016-07-11,59.29,60.15,59.29,59.57,1790676,0.28,0.86,0.47,1.44,0.43,1
2016-07-08,58.48,59.28,58.3,59.18,1897362,0.7,0.98,1.18,1.65,0.49,1
2016-07-07,57.68,58.28,57.02,57.93,1297668,0.25,1.26,0.43,2.17,0.63,1
2016-07-06,56.56,57.46,56.09,57.3,1512812,0.74,1.37,1.29,2.39,0.68,1
2016-07-05,57.38,57.72,56.26,56.59,1406927,-0.79,1.46,-1.4,2.58,0.73,-1
2016-07-01,57.45,58.16,57.17,58.01,1769550,0.56,0.99,0.97,1.71,0.49,1
2016-06-30,57.04,57.26,56.2,57.22,1763796,0.18,1.06,0.31,1.85,0.53,1
2016-06-29,56.97,57.13,56.53,56.7,1234555,-0.27,0.6,-0.48,1.06,0.3,1
2016-06-28,56.78,56.9,55.75,56.3,1536702,-0.48,1.15,-0.85,2.04,0.57,1
2016-06-27,58.25,58.25,55.12,55.34,3138594,-2.91,3.13,-5.26,5.66,1.57,-1
2016-06-24,60.31,60.72,58.53,58.54,3233598,-1.77,2.19,-3.02,3.74,1.09,-1
2016-06-23,60.86,62.2,60.86,62.15,1991301,1.29,1.34,2.08,2.16,0.67,1
2016-06-22,61.06,61.35,60.7,60.79,1220955,-0.27,0.65,-0.44,1.07,0.32,-1
2016-06-21,60.95,61.64,60.81,60.98,1300446,0.03,0.83,0.05,1.36,0.41,1
2016-06-20,60.75,61.6,60.6,60.77,1361313,0.02,1.0,0.03,1.65,0.5,1
2016-06-17,61.12,61.43,60.22,60.27,2015704,-0.85,1.21,-1.41,2.01,0.61,-1
2016-06-16,60.09,61.25,59.72,61.07,2388838,0.98,1.53,1.6,2.51,0.77,-1
2016-06-15,61.87,62.2,61.37,61.44,1489514,-0.43,0.83,-0.7,1.35,0.42,-1
2016-06-14,62.78,63.06,61.2,61.52,2472426,-1.26,1.86,-2.05,3.02,0.93,-1
2016-06-13,63.12,63.87,62.68,62.79,2250298,-0.33,1.19,-0.53,1.9,0.59,-1
2016-06-10,63.66,63.93,63.06,63.21,1408919,-0.45,0.87,-0.71,1.38,0.43,-1
2016-06-09,63.56,64.35,63.56,64.0,1820018,0.44,0.79,0.69,1.23,0.39,-1
2016-06-08,64.0,65.31,64.0,64.18,3539231,0.18,1.31,0.28,2.04,0.66,1
2016-06-07,62.43,64.23,62.31,63.98,2981926,1.55,1.92,2.42,3.0,0.96,1
2016-06-06,62.11,62.99,61.75,62.55,2349218,0.44,1.24,0.7,1.98,0.62,1
2016-06-03,61.77,62.61,61.58,62.08,2728439,0.31,1.03,0.5,1.66,0.52,1
2016-06-02,60.9,62.17,60.88,62.02,1784698,1.12,1.29,1.81,2.08,0.64,1
2016-06-01,60.5,61.74,60.07,61.51,2354803,1.01,1.67,1.64,2.72,0.84,1
2016-05-31,59.91,60.69,59.64,60.56,2628758,0.65,1.05,1.07,1.73,0.52,1
2016-05-27,59.18,59.75,59.18,59.63,998935,0.45,0.57,0.75,0.96,0.29,1
2016-05-26,60.1,60.1,59.33,59.37,1175851,-0.73,0.77,-1.23,1.3,0.39,-1
2016-05-25,60.5,60.5,59.8,60.04,1166803,-0.46,0.7,-0.77,1.17,0.35,-1
2016-05-24,58.95,60.34,58.64,60.15,2040118,1.2,1.7,2.0,2.83,0.85,1
2016-05-23,59.53,59.9,59.22,59.46,1376873,-0.07,0.68,-0.12,1.14,0.34,-1
2016-05-20,59.36,59.77,58.95,59.76,1780265,0.4,0.82,0.67,1.37,0.41,1
2016-05-19,59.33,59.49,58.65,58.8,2167747,-0.53,0.84,-0.9,1.43,0.42,-1
2016-05-18,59.54,60.15,58.78,59.53,2383107,-0.01,1.37,-0.02,2.3,0.68,-1
2016-05-17,59.01,60.18,58.84,59.59,2489008,0.58,1.34,0.97,2.25,0.67,1
2016-05-16,57.8,60.32,57.56,59.29,5303069,1.49,2.76,2.51,4.66,1.38,1
2016-05-13,56.56,59.08,56.53,57.92,5429195,1.36,2.55,2.35,4.4,1.27,1
2016-05-12,56.31,56.84,55.15,56.62,2943689,0.31,1.69,0.55,2.98,0.85,1
2016-05-11,56.45,56.62,55.67,56.22,1972793,-0.23,0.95,-0.41,1.69,0.47,-1
2016-05-10,55.24,56.48,55.18,56.45,1391559,1.21,1.3,2.14,2.3,0.65,1
2016-05-09,54.96,55.99,54.87,55.38,1479421,0.42,1.12,0.76,2.02,0.56,1
2016-05-06,54.98,55.6,54.44,55.35,1368792,0.37,1.16,0.67,2.1,0.58,-1
2016-05-05,55.51,55.88,54.96,55.4,1013777,-0.11,0.92,-0.2,1.66,0.46,1
2016-05-04,55.77,56.1,55.12,55.36,1140831,-0.41,0.98,-0.74,1.77,0.49,-1
2016-05-03,56.87,56.98,55.88,56.05,1219850,-0.82,1.1,-1.46,1.96,0.55,-1
2016-05-02,56.19,57.42,56.12,57.33,1622468,1.14,1.3,1.99,2.27,0.65,1
2016-04-29,57.19,57.54,56.26,56.91,1417284,-0.28,1.28,-0.49,2.25,0.64,-1
2016-04-28,58.26,58.28,57.38,57.54,1479744,-0.72,0.9,-1.25,1.56,0.45,-1
2016-04-27,57.61,58.63,57.53,58.49,1684535,0.88,1.1,1.5,1.88,0.55,1
2016-04-26,57.49,58.07,57.0,57.69,992656,0.2,1.07,0.35,1.85,0.54,1
2016-04-25,58.22,58.45,57.27,57.38,1692178,-0.84,1.18,-1.46,2.06,0.59,-1
2016-04-22,58.21,58.82,57.81,58.3,1736891,0.09,1.01,0.15,1.73,0.5,1
2016-04-21,59.01,59.61,57.86,58.11,2859236,-0.9,1.75,-1.55,3.01,0.88,-1
2016-04-20,56.02,59.23,56.02,58.53,10482479,2.51,3.21,4.29,5.48,1.6,1
2016-04-19,52.0,52.17,51.23,51.46,3454365,-0.54,0.94,-1.05,1.83,0.47,-1
2016-04-18,51.31,51.87,51.23,51.69,3975048,0.38,0.64,0.74,1.24,0.32,-1
2016-04-15,51.59,52.1,51.31,51.73,2976765,0.14,0.79,0.27,1.53,0.39,-1
2016-04-14,51.85,52.03,51.53,51.92,2352697,0.07,0.5,0.13,0.96,0.25,1
2016-04-13,50.75,52.01,50.74,51.89,2722122,1.14,1.27,2.2,2.45,0.63,1
2016-04-12,51.13,51.48,49.76,50.38,1897054,-0.75,1.72,-1.49,3.42,0.86,-1
2016-04-11,51.98,52.14,51.19,51.19,2035784,-0.79,0.95,-1.54,1.86,0.48,-1
2016-04-08,51.13,52.74,51.07,52.0,3205463,0.87,1.67,1.67,3.2,0.83,1
2016-04-07,50.8,51.42,50.48,50.84,2490183,0.04,0.94,0.08,1.85,0.47,-1
2016-04-06,50.67,51.23,50.06,51.0,892082,0.33,1.17,0.65,2.29,0.58,1
2016-04-05,50.83,51.32,50.35,50.7,1802908,-0.13,0.97,-0.26,1.91,0.48,-1
2016-04-04,52.11,52.48,51.47,51.7,1027635,-0.41,1.01,-0.79,1.95,0.5,-1
2016-04-01,51.29,52.22,51.09,52.03,1563873,0.74,1.13,1.42,2.17,0.56,-1
2016-03-31,51.99,52.49,51.47,52.31,930510,0.32,1.02,0.61,1.95,0.51,1
2016-03-30,51.51,52.53,51.42,52.09,1108188,0.58,1.11,1.11,2.13,0.55,1
2016-03-29,50.88,51.68,50.59,51.37,1024912,0.49,1.09,0.95,2.12,0.54,1
2016-03-28,51.26,51.35,50.66,51.09,676090,-0.17,0.69,-0.33,1.35,0.35,1
2016-03-24,51.32,51.55,50.85,51.08,1010618,-0.24,0.7,-0.47,1.37,0.35,-1
2016-03-23,52.77,52.77,51.53,51.85,1648503,-0.92,1.24,-1.77,2.39,0.62,-1
2016-03-22,52.3,53.05,51.94,52.85,1643956,0.55,1.11,1.04,2.1,0.55,1
2016-03-21,51.52,52.74,51.02,52.37,1439739,0.85,1.72,1.62,3.28,0.86,1
2016-03-18,51.66,52.48,51.28,51.52,1647071,-0.14,1.2,-0.27,2.34,0.6,-1
2016-03-17,49.75,52.22,49.75,51.53,1859646,1.78,2.47,3.45,4.79,1.23,1
2016-03-16,49.07,50.79,48.65,49.85,1874105,0.78,2.14,1.56,4.29,1.07,1
2016-03-15,49.57,49.57,48.51,49.18,1116321,-0.39,1.06,-0.79,2.16,0.53,-1
2016-03-14,49.6,49.79,48.83,49.68,1317797,0.08,0.96,0.16,1.93,0.48,1
2016-03-11,49.58,49.9,48.89,49.62,1346315,0.04,1.01,0.08,2.04,0.5,1
2016-03-10,49.48,49.7,48.54,49.28,1530335,-0.2,1.16,-0.41,2.36,0.58,1
2016-03-09,49.05,49.34,48.54,49.2,1749202,0.15,0.8,0.3,1.63,0.4,1
2016-03-08,49.98,50.02,48.79,48.94,1918941,-1.04,1.23,-2.13,2.51,0.62,-1
2016-03-07,49.51,51.02,49.32,50.34,1461729,0.83,1.7,1.65,3.38,0.85,1
2016-03-04,49.67,50.45,49.29,49.45,1177198,-0.22,1.16,-0.44,2.35,0.58,1
2016-03-03,49.2,49.52,48.7,49.43,4066992,0.23,0.82,0.47,1.66,0.41,1
2016-03-02,50.75,50.92,48.9,49.13,2824263,-1.62,2.02,-3.3,4.11,1.01,-1
2016-03-01,49.59,50.81,49.37,50.75,2043519,1.16,1.44,2.29,2.84,0.72,1
2016-02-29,50.76,51.46,50.45,50.49,1564316,-0.27,1.01,-0.53,2.0,0.5,-1
2016-02-26,50.77,51.45,50.25,50.76,2125747,-0.01,1.2,-0.02,2.36,0.6,1
2016-02-25,49.55,50.52,48.87,50.5,1793085,0.95,1.65,1.88,3.27,0.83,1
2016-02-24,48.48,49.37,47.78,49.19,1328101,0.71,1.59,1.44,3.23,0.79,1
2016-02-23,49.75,49.75,48.28,48.65,2124568,-1.1,1.47,-2.26,3.02,0.73,-1
2016-02-22,49.48,50.41,49.35,49.95,1722450,0.47,1.06,0.94,2.12,0.53,1
2016-02-19,47.84,49.57,47.48,49.22,1782967,1.38,2.09,2.8,4.25,1.05,1
2016-02-18,48.0,48.4,47.38,48.16,1765873,0.16,1.02,0.33,2.12,0.51,1
2016-02-17,46.45,48.3,46.17,47.91,2696735,1.46,2.13,3.05,4.45,1.06,1
2016-02-16,45.33,46.16,45.15,46.13,2148843,0.8,1.01,1.73,2.19,0.5,1
2016-02-12,44.8,45.14,44.13,45.01,1608157,0.21,1.01,0.47,2.24,0.5,1
2016-02-11,43.77,45.05,43.25,44.7,2418905,0.93,1.8,2.08,4.03,0.9,1
2016-02-10,44.3,44.84,43.71,44.48,1566284,0.18,1.13,0.4,2.54,0.56,1
2016-02-09,44.36,45.46,43.55,43.84,1831251,-0.52,1.91,-1.19,4.36,0.96,-1
2016-02-08,43.99,44.69,43.72,44.66,2516314,0.67,0.97,1.5,2.17,0.48,1
2016-02-05,44.87,45.2,44.31,44.54,1788031,-0.33,0.89,-0.74,2.0,0.45,-1
2016-02-04,44.85,46.0,44.85,45.28,1809190,0.43,1.15,0.95,2.54,0.57,1
2016-02-03,44.31,45.06,43.86,44.96,1704403,0.65,1.2,1.45,2.67,0.6,1
2016-02-02,45.27,45.29,43.83,44.21,2436597,-1.06,1.46,-2.4,3.3,0.73,-1
2016-02-01,44.8,45.93,44.45,45.49,3217139,0.69,1.48,1.52,3.25,0.74,-1
2016-01-29,45.18,46.35,44.93,45.75,4439477,0.57,1.42,1.25,3.1,0.71,1
2016-01-28,44.61,45.45,44.44,45.0,3236130,0.39,1.01,0.87,2.24,0.51,1
2016-01-27,46.16,46.79,44.02,44.44,7907404,-1.72,2.77,-3.87,6.23,1.38,-1
2016-01-26,48.8,49.4,47.64,49.28,3194131,0.48,1.76,0.97,3.57,0.88,1
2016-01-25,49.24,49.92,48.26,48.76,2081864,-0.48,1.66,-0.98,3.4,0.83,-1
2016-01-22,49.74,50.34,48.8,49.5,1400588,-0.24,1.54,-0.48,3.11,0.77,-1
2016-01-21,49.48,50.66,49.12,49.58,1670421,0.1,1.54,0.2,3.11,0.77,1
2016-01-20,48.23,49.61,46.33,49.19,4007572,0.96,3.28,1.95,6.67,1.64,1
2016-01-19,52.24,52.48,48.83,48.99,2652179,-3.25,3.65,-6.63,7.45,1.82,-1
2016-01-15,50.81,52.32,50.39,52.11,2351414,1.3,1.93,2.49,3.7,0.96,-1
2016-01-14,52.38,52.65,51.19,52.33,1931941,-0.05,1.46,-0.1,2.79,0.73,1
2016-01-13,53.13,53.58,51.66,52.27,1933346,-0.86,1.92,-1.65,3.67,0.96,-1
2016-01-12,53.47,53.99,52.21,52.84,2399335,-0.63,1.78,-1.19,3.37,0.89,-1
2016-01-11,54.11,54.5,52.61,53.11,2334170,-1.0,1.89,-1.88,3.56,0.95,-1
2016-01-08,54.74,54.97,53.82,54.1,2171680,-0.64,1.15,-1.18,2.13,0.57,-1
2016-01-07,54.57,55.62,54.01,54.52,2462850,-0.05,1.61,-0.09,2.95,0.8,-1
2016-01-06,56.25,56.32,54.45,55.25,3558505,-1.0,1.87,-1.81,3.38,0.93,-1
2016-01-05,56.47,57.27,55.94,57.02,2661696,0.55,1.33,0.96,2.33,0.67,1
2016-01-04,55.81,56.85,55.28,56.3,2016525,0.49,1.57,0.87,2.79,0.79,-1
2015-12-31,56.91,57.02,56.46,56.57,1038397,-0.34,0.56,-0.6,0.99,0.28,-1
2015-12-30,56.77,57.43,56.67,57.03,1281560,0.26,0.76,0.46,1.33,0.38,1
2015-12-29,57.0,57.49,56.52,56.94,1319268,-0.06,0.97,-0.11,1.7,0.48,-1
2015-12-28,57.16,57.36,56.43,56.97,861118,-0.19,0.93,-0.33,1.63,0.46,-1
2015-12-24,57.39,57.53,57.06,57.36,251451,-0.03,0.47,-0.05,0.82,0.23,-1
2015-12-23,56.6,57.52,56.42,57.5,1020488,0.9,1.1,1.57,1.91,0.55,1
2015-12-22,56.25,57.03,56.05,56.68,1517430,0.43,0.98,0.76,1.73,0.49,1
2015-12-21,56.98,57.0,55.46,56.12,1581068,-0.86,1.54,-1.53,2.74,0.77,-1
2015-12-18,57.37,57.53,56.35,56.86,2530865,-0.51,1.18,-0.9,2.08,0.59,-1
2015-12-17,58.22,58.24,56.93,57.08,1577957,-1.14,1.31,-2.0,2.3,0.66,-1
2015-12-16,58.97,58.97,57.79,57.95,1417058,-1.02,1.18,-1.76,2.04,0.59,-1
2015-12-15,57.94,58.59,57.62,58.0,1434041,0.06,0.97,0.1,1.67,0.49,1
2015-12-14,59.92,59.92,56.82,57.25,2876852,-2.67,3.1,-4.66,5.41,1.55,-1
2015-12-11,58.32,59.59,58.22,59.05,1619152,0.73,1.37,1.24,2.32,0.69,1
2015-12-10,58.75,59.69,58.56,58.75,1292509,0.0,1.13,0.0,1.92,0.56,-1
2015-12-09,59.73,60.18,58.49,58.84,1690062,-0.89,1.69,-1.51,2.87,0.84,-1
2015-12-08,60.32,60.83,59.85,60.08,1426245,-0.24,0.98,-0.4,1.63,0.49,-1
2015-12-07,60.72,61.0,59.42,60.76,1699855,0.04,1.58,0.07,2.6,0.79,1
2015-12-04,59.27,60.1,58.85,59.62,1047684,0.35,1.25,0.59,2.1,0.62,1
2015-12-03,60.87,60.96,58.76,59.01,2067923,-1.86,2.2,-3.15,3.73,1.1,-1
2015-12-02,61.75,62.0,60.38,60.66,1798674,-1.09,1.62,-1.8,2.67,0.81,-1
2015-12-01,61.47,62.82,60.2,62.19,2258128,0.72,2.62,1.16,4.21,1.31,1
2015-11-30,60.47,61.44,59.62,61.41,2625938,0.94,1.82,1.53,2.96,0.91,1
2015-11-27,60.04,60.58,59.95,60.45,582737,0.41,0.63,0.68,1.04,0.31,1
2015-11-25,60.01,60.71,59.78,59.95,1187480,-0.06,0.93,-0.1,1.56,0.47,-1
2015-11-24,58.11,62.5,57.48,60.35,4632941,2.24,5.02,3.71,8.32,2.51,1
2015-11-23,58.89,59.27,57.9,58.11,1775699,-0.78,1.37,-1.34,2.36,0.69,-1
2015-11-20,58.5,58.91,58.02,58.66,1415629,0.16,0.89,0.27,1.52,0.44,1
2015-11-19,57.8,58.79,57.51,58.44,1722287,0.64,1.28,1.1,2.19,0.64,1
2015-11-18,58.65,58.92,56.67,57.49,1619202,-1.16,2.25,-2.02,3.91,1.12,-1
2015-11-17,59.16,59.61,58.25,58.35,1254566,-0.81,1.36,-1.39,2.33,0.68,-1
2015-11-16,58.7,59.96,58.7,59.3,949319,0.6,1.25,1.01,2.12,0.63,1
2015-11-13,58.91,59.28,58.02,58.71,1316148,-0.2,1.27,-0.34,2.16,0.63,-1
2015-11-12,58.75,60.67,58.54,58.93,1843253,0.18,2.13,0.31,3.61,1.07,-1
2015-11-11,60.51,60.55,59.08,59.25,1647251,-1.26,1.47,-2.13,2.48,0.73,-1
2015-11-10,59.4,61.47,59.02,60.44,4899356,1.04,2.45,1.72,4.05,1.22,1
2015-11-09,59.16,59.67,59.0,59.46,1594760,0.3,0.67,0.5,1.13,0.34,-1
2015-11-06,59.12,59.78,58.43,59.49,1597718,0.37,1.35,0.62,2.27,0.68,1
2015-11-05,59.94,60.0,58.84,59.08,1584885,-0.86,1.16,-1.46,1.96,0.58,-1
2015-11-04,59.36,59.77,58.34,59.77,1979487,0.41,1.43,0.69,2.39,0.71,1
2015-11-03,59.64,59.94,58.5,59.03,2350733,-0.61,1.44,-1.03,2.44,0.72,-1
2015-11-02,59.91,60.0,59.05,59.55,2858690,-0.36,0.95,-0.6,1.6,0.48,-1
2015-10-30,58.92,60.23,58.58,60.15,2294500,1.23,1.65,2.04,2.74,0.82,1
2015-10-29,60.62,60.73,58.26,58.52,2618537,-2.1,2.47,-3.59,4.22,1.23,-1
2015-10-28,59.47,61.07,58.92,60.9,2651526,1.43,2.15,2.35,3.53,1.07,1
2015-10-27,60.22,60.88,58.48,58.64,3301602,-1.58,2.41,-2.69,4.1,1.2,-1
2015-10-26,58.82,61.07,58.8,59.74,4742797,0.92,2.27,1.54,3.8,1.14,1
2015-10-23,57.36,58.31,56.33,58.18,5118457,0.82,1.98,1.41,3.4,0.99,1
2015-10-22,54.48,56.86,54.3,56.79,8330349,2.31,2.56,4.07,4.51,1.28,1
2015-10-21,59.09,59.9,52.72,55.42,21004033,-3.67,7.18,-6.62,12.96,3.59,-1
2015-10-20,69.17,69.32,68.36,68.76,2943739,-0.41,0.96,-0.6,1.4,0.48,-1
2015-10-19,69.47,69.61,68.76,69.22,2048029,-0.25,0.85,-0.36,1.23,0.42,-1
2015-10-16,69.16,70.19,68.64,69.62,3656544,0.46,1.55,0.66,2.23,0.77,1
2015-10-15,68.25,68.76,67.55,68.46,5595090,0.21,1.21,0.31,1.77,0.61,1
2015-10-14,69.2,69.2,67.48,67.97,7640100,-1.23,1.72,-1.81,2.53,0.86,-1
2015-10-13,70.86,70.91,68.28,69.31,9646024,-1.55,2.63,-2.24,3.79,1.31,-1
2015-10-12,73.9,74.22,69.75,72.27,17857239,-1.63,4.47,-2.26,6.19,2.23,-1
2015-10-09,77.33,79.8,77.2,78.65,3479219,1.32,2.6,1.68,3.31,1.3,1
2015-10-08,79.79,79.79,76.41,77.3,4929580,-2.49,3.38,-3.22,4.37,1.69,-1
2015-10-07,81.49,82.35,80.59,82.09,1060874,0.6,1.76,0.73,2.14,0.88,1
2015-10-06,79.69,81.5,79.01,81.28,1915801,1.59,2.49,1.96,3.06,1.25,1
2015-10-05,80.19,82.03,78.03,79.49,4059830,-0.7,4.0,-0.88,5.03,2.0,-1
2015-10-02,78.75,79.76,77.46,79.71,2313847,0.96,2.3,1.2,2.89,1.15,-1
2015-10-01,78.74,80.76,78.74,80.62,1445580,1.88,2.02,2.33,2.51,1.01,1
2015-09-30,78.37,78.95,77.96,78.79,1308437,0.42,0.99,0.53,1.26,0.5,1
2015-09-29,77.0,78.31,76.58,77.41,992052,0.41,1.73,0.53,2.23,0.87,1
2015-09-28,78.5,79.07,76.86,77.13,780617,-1.37,2.21,-1.78,2.87,1.1,-1
2015-09-25,79.31,79.98,78.7,79.12,652582,-0.19,1.28,-0.24,1.62,0.64,1
2015-09-24,78.34,79.09,77.64,78.82,688593,0.48,1.45,0.61,1.84,0.73,1
2015-09-23,78.96,79.61,78.1,78.63,631885,-0.33,1.51,-0.42,1.92,0.75,-1
2015-09-22,79.02,79.82,77.95,79.18,976745,0.16,1.87,0.2,2.36,0.93,-1
2015-09-21,79.6,80.6,79.07,79.83,639467,0.23,1.53,0.29,1.92,0.77,1
2015-09-18,79.69,80.11,78.8,79.1,1682000,-0.59,1.31,-0.75,1.66,0.66,-1
2015-09-17,80.44,81.35,80.26,80.72,920706,0.28,1.09,0.35,1.35,0.54,-1
2015-09-16,80.49,81.0,80.33,80.96,728900,0.47,0.67,0.58,0.82,0.33,1
2015-09-15,80.13,80.72,79.57,80.49,828035,0.36,1.15,0.45,1.43,0.58,1
2015-09-14,80.56,80.91,79.57,79.98,606533,-0.58,1.34,-0.73,1.68,0.67,-1
2015-09-11,79.67,80.71,79.66,80.56,1269768,0.89,1.05,1.1,1.3,0.52,1
2015-09-10,78.41,80.14,78.21,79.26,1201257,0.85,1.93,1.07,2.44,0.97,1
2015-09-09,80.92,81.82,78.07,78.39,3748826,-2.53,3.75,-3.23,4.78,1.88,-1
2015-09-08,80.26,80.68,79.7,80.5,2046853,0.24,0.98,0.3,1.22,0.49,1
2015-09-04,79.08,80.89,78.82,79.55,2123960,0.47,2.07,0.59,2.6,1.04,-1
2015-09-03,80.7,80.95,79.23,79.82,1749494,-0.88,1.72,-1.1,2.15,0.86,-1
2015-09-02,80.29,81.73,79.28,80.2,1489563,-0.09,2.45,-0.11,3.05,1.23,1
2015-09-01,79.0,80.52,78.0,79.1,2560367,0.1,2.52,0.13,3.19,1.26,-1
2015-08-31,77.59,81.36,76.38,79.15,3975499,1.56,4.98,1.97,6.29,2.49,1
2015-08-28,79.68,80.01,76.04,77.55,3653073,-2.13,3.97,-2.75,5.12,1.98,-1
2015-08-27,79.11,80.0,77.98,79.43,2793709,0.32,2.02,0.4,2.54,1.01,1
2015-08-26,79.08,79.93,76.08,78.09,4961420,-0.99,3.86,-1.27,4.94,1.93,-1
2015-08-25,83.87,84.18,81.12,81.22,2927479,-2.65,3.06,-3.26,3.76,1.53,-1
2015-08-24,80.59,83.45,78.68,82.01,2229660,1.42,4.77,1.73,5.82,2.38,-1
2015-08-21,85.45,86.08,84.38,84.38,1465658,-1.07,1.7,-1.27,2.01,0.85,-1
2015-08-20,87.97,88.24,86.19,86.43,880605,-1.54,2.05,-1.78,2.37,1.02,-1
2015-08-19,88.36,89.1,88.1,88.46,844875,0.1,1.0,0.11,1.13,0.5,-1
2015-08-18,88.61,89.79,87.91,89.15,1052986,0.54,1.88,0.61,2.11,0.94,1
2015-08-17,87.54,89.17,87.54,89.01,1004158,1.47,1.63,1.65,1.83,0.81,1
2015-08-14,87.1,89.07,86.92,88.49,1252091,1.39,2.15,1.57,2.43,1.07,1
2015-08-13,86.78,87.45,85.8,87.06,872994,0.28,1.65,0.32,1.9,0.83,1
2015-08-12,85.26,86.98,84.73,86.54,1064095,1.28,2.24,1.48,2.59,1.12,1
2015-08-11,86.41,86.83,84.9,85.77,756873,-0.64,1.93,-0.75,2.25,0.96,-1
2015-08-10,85.26,87.86,84.75,86.95,1669351,1.69,3.11,1.94,3.58,1.55,1
2015-08-07,82.28,86.08,82.28,84.86,2290149,2.58,3.8,3.04,4.48,1.9,1
2015-08-06,86.22,86.4,82.93,83.04,4982710,-3.18,3.47,-3.83,4.18,1.73,-1
2015-08-05,91.33,93.43,85.72,86.22,4373523,-5.11,7.71,-5.93,8.94,3.86,-1
2015-08-04,90.71,91.56,89.9,90.94,1855983,0.23,1.66,0.25,1.83,0.83,-1
2015-08-03,88.54,91.25,87.29,91.14,3591058,2.6,3.96,2.85,4.34,1.98,1
2015-07-31,88.4,89.46,88.05,89.13,945494,0.73,1.41,0.82,1.58,0.7,1
2015-07-30,87.09,88.83,86.36,88.51,1286327,1.42,2.47,1.6,2.79,1.23,1
2015-07-29,86.24,87.57,86.03,87.23,953761,0.99,1.54,1.13,1.76,0.77,1
2015-07-28,85.45,86.69,84.68,86.49,838245,1.04,2.01,1.2,2.32,1.0,1
2015-07-27,86.12,86.48,84.94,85.28,1287187,-0.84,1.54,-0.98,1.81,0.77,-1
2015-07-24,87.3,87.84,85.96,86.9,1018386,-0.4,1.88,-0.46,2.16,0.94,-1
2015-07-23,86.6,87.91,86.5,87.3,1749100,0.7,1.41,0.8,1.62,0.7,1
2015-07-22,82.72,87.65,82.52,86.11,3056718,3.39,5.13,3.94,5.96,2.57,1
2015-07-21,83.86,84.38,83.06,83.19,1748124,-0.67,1.32,-0.81,1.59,0.66,-1
2015-07-20,84.56,84.95,83.68,84.02,961477,-0.54,1.27,-0.64,1.51,0.63,-1
2015-07-17,85.11,85.11,84.1,84.54,883671,-0.57,1.01,-0.67,1.19,0.51,-1
2015-07-16,84.62,85.08,84.03,85.04,1122680,0.42,1.05,0.49,1.23,0.52,1
2015-07-15,84.15,84.57,83.93,84.17,1068287,0.02,0.64,0.02,0.76,0.32,-1
2015-07-14,83.9,84.67,83.5,84.31,1018918,0.41,1.17,0.49,1.39,0.59,1
2015-07-13,82.87,84.0,82.71,83.8,1074677,0.93,1.3,1.11,1.55,0.65,1
2015-07-10,82.52,82.59,81.01,82.07,1022307,-0.45,1.58,-0.55,1.93,0.79,1
2015-07-09,82.43,83.09,81.28,81.61,1036032,-0.82,1.81,-1.0,2.22,0.91,-1
2015-07-08,83.01,83.87,81.55,81.9,1121180,-1.11,2.32,-1.36,2.83,1.16,-1
2015-07-07,82.74,83.1,80.51,82.98,1741653,0.24,2.59,0.29,3.12,1.29,-1
2015-07-06,83.0,83.51,82.45,83.06,1548748,0.06,1.06,0.07,1.28,0.53,-1
2015-07-02,84.79,85.49,84.79,85.2,822739,0.41,0.7,0.48,0.82,0.35,1
2015-07-01,86.44,87.17,84.48,84.86,1547378,-1.58,2.69,-1.86,3.17,1.34,-1
2015-06-30,86.45,86.78,85.58,85.74,864913,-0.71,1.2,-0.83,1.4,0.6,-1
2015-06-29,86.9,87.16,85.7,85.85,1073659,-1.05,1.46,-1.22,1.7,0.73,-1
2015-06-26,89.27,89.78,87.04,87.59,1469170,-1.68,2.74,-1.92,3.13,1.37,-1
2015-06-25,90.33,90.88,89.2,89.34,905628,-0.99,1.68,-1.11,1.89,0.84,-1
2015-06-24,91.9,91.93,90.04,90.36,1128314,-1.54,1.89,-1.7,2.09,0.95,-1
2015-06-23,89.78,90.85,89.69,90.69,930580,0.91,1.16,1.0,1.28,0.58,1
2015-06-22,89.45,90.4,88.96,89.89,841706,0.44,1.44,0.49,1.6,0.72,1
2015-06-19,89.0,89.01,88.08,88.75,1416468,-0.25,0.93,-0.28,1.05,0.47,-1
2015-06-18,89.56,89.93,88.99,89.16,836955,-0.4,0.94,-0.45,1.05,0.47,-1
2015-06-17,89.6,90.57,89.29,89.96,964718,0.36,1.28,0.4,1.42,0.64,1
2015-06-16,88.17,89.6,88.17,89.35,586207,1.18,1.43,1.32,1.6,0.71,1
2015-06-15,88.21,88.7,87.43,88.41,847447,0.2,1.27,0.23,1.44,0.63,-1
2015-06-12,89.05,89.36,88.44,88.91,1065691,-0.14,0.92,-0.16,1.03,0.46,-1
2015-06-11,91.0,91.0,89.13,89.36,1721260,-1.64,1.87,-1.84,2.09,0.94,-1
2015-06-10,88.64,91.0,88.38,90.72,1846499,2.08,2.62,2.29,2.89,1.31,1
2015-06-09,88.24,88.49,87.4,87.94,533212,-0.3,1.09,-0.34,1.24,0.54,-1
2015-06-08,89.21,89.21,87.77,88.23,1168554,-0.98,1.44,-1.11,1.63,0.72,-1
2015-06-05,88.32,89.88,87.99,89.45,1077324,1.13,1.89,1.26,2.11,0.94,1
2015-06-04,88.25,89.27,87.68,88.44,1375089,0.19,1.59,0.21,1.8,0.79,-1
2015-06-03,88.0,90.39,87.88,89.05,1406726,1.05,2.5,1.18,2.81,1.25,1
2015-06-02,87.11,87.88,86.9,87.72,874029,0.61,0.98,0.7,1.12,0.49,1
2015-06-01,87.32,87.96,86.99,87.21,1130639,-0.11,0.97,-0.13,1.11,0.48,-1
2015-05-29,86.91,87.74,86.77,87.32,1256818,0.41,0.97,0.47,1.11,0.48,1
2015-05-28,86.22,87.3,86.03,87.12,840391,0.9,1.27,1.03,1.46,0.63,1
2015-05-27,86.45,87.05,85.64,86.54,1420084,0.09,1.41,0.1,1.63,0.7,-1
2015-05-26,87.5,87.63,86.36,86.84,1095487,-0.66,1.27,-0.76,1.46,0.63,-1
2015-05-22,87.06,88.0,86.91,87.72,1009506,0.66,1.09,0.75,1.24,0.55,1
2015-05-21,87.55,87.73,86.83,87.15,738509,-0.4,0.9,-0.46,1.03,0.45,-1
2015-05-20,87.76,88.38,87.24,87.52,626255,-0.24,1.14,-0.27,1.3,0.57,-1
2015-05-19,87.79,88.08,87.52,87.64,630844,-0.15,0.56,-0.17,0.64,0.28,-1
2015-05-18,87.38,87.98,87.32,87.78,1127791,0.4,0.66,0.46,0.75,0.33,1
2015-05-15,87.63,88.13,87.31,87.5,949930,-0.13,0.82,-0.15,0.94,0.41,-1
2015-05-14,87.86,88.55,87.74,87.94,888785,0.08,0.81,0.09,0.92,0.41,1
2015-05-13,87.9,88.28,87.1,87.59,848640,-0.31,1.18,-0.35,1.35,0.59,-1
2015-05-12,89.08,89.18,87.68,87.81,1378172,-1.27,1.5,-1.45,1.71,0.75,-1
2015-05-11,87.8,89.66,87.71,89.57,1651461,1.77,1.95,1.98,2.18,0.98,1
2015-05-08,86.99,88.75,86.99,88.0,1765094,1.01,1.76,1.15,2.0,0.88,1
2015-05-07,86.43,86.78,85.83,86.35,1003909,-0.08,0.95,-0.09,1.1,0.48,-1
2015-05-06,87.89,88.39,86.47,86.79,1192492,-1.1,1.92,-1.27,2.21,0.96,-1
2015-05-05,87.8,88.37,87.05,87.7,977909,-0.1,1.32,-0.11,1.51,0.66,1
2015-05-04,87.04,88.64,87.04,87.69,1425091,0.65,1.6,0.74,1.82,0.8,1
2015-05-01,88.15,88.59,87.36,87.47,1181405,-0.68,1.23,-0.78,1.41,0.61,-1
2015-04-30,89.03,89.93,87.67,88.1,754922,-0.93,2.26,-1.06,2.57,1.13,-1
2015-04-29,89.58,90.15,88.47,89.12,1075882,-0.46,1.68,-0.52,1.89,0.84,-1
2015-04-28,88.9,90.36,88.47,89.68,1322159,0.78,1.89,0.87,2.11,0.95,1
2015-04-27,88.43,90.04,88.28,88.99,1614119,0.56,1.76,0.63,1.98,0.88,1
2015-04-24,89.49,89.49,87.68,88.23,1936242,-1.26,1.81,-1.43,2.05,0.9,-1
2015-04-23,90.43,90.89,89.0,89.09,2249731,-1.34,1.89,-1.5,2.12,0.95,-1
2015-04-22,86.99,92.2,86.99,90.97,7366053,3.98,5.21,4.38,5.73,2.61,1
2015-04-21,84.78,85.64,84.32,85.4,2655170,0.62,1.32,0.73,1.55,0.66,1
2015-04-20,85.24,85.62,83.66,84.27,1791063,-0.97,1.96,-1.15,2.33,0.98,-1
2015-04-17,84.09,85.21,83.85,85.07,1509553,0.98,1.36,1.15,1.6,0.68,1
2015-04-16,85.55,86.19,84.49,84.64,1256838,-0.91,1.7,-1.08,2.01,0.85,-1
2015-04-15,84.21,85.47,83.9,85.06,1031261,0.85,1.57,1.0,1.85,0.78,1
2015-04-14,83.13,84.33,82.98,84.04,1286634,0.91,1.35,1.08,1.61,0.67,1
2015-04-13,83.1,84.0,82.99,83.1,1123175,0.0,1.01,0.0,1.22,0.51,-1
2015-04-10,81.74,83.57,81.1,83.38,1659990,1.64,2.47,1.97,2.96,1.23,1
2015-04-09,82.28,82.71,81.62,82.0,1803590,-0.28,1.09,-0.34,1.33,0.54,-1
2015-04-08,84.19,84.42,82.46,82.58,1910874,-1.61,1.96,-1.95,2.37,0.98,-1
2015-04-07,83.4,84.89,83.4,83.48,1062145,0.08,1.49,0.1,1.78,0.74,1
2015-04-06,82.25,84.35,81.98,83.4,1880142,1.15,2.36,1.38,2.84,1.18,1
2015-04-02,82.31,82.41,79.92,80.36,2196677,-1.95,2.48,-2.43,3.09,1.24,-1
2015-04-01,81.9,82.74,81.64,82.1,1559256,0.2,1.09,0.24,1.33,0.55,1
2015-03-31,83.05,83.05,81.97,82.01,585072,-1.04,1.08,-1.27,1.32,0.54,-1
2015-03-30,82.52,83.32,82.32,82.98,810632,0.46,1.0,0.55,1.21,0.5,1
2015-03-27,81.87,82.86,81.51,82.06,805369,0.19,1.34,0.23,1.64,0.67,-1
2015-03-26,81.69,82.9,81.67,82.28,1262882,0.59,1.23,0.72,1.49,0.61,1
2015-03-25,84.3,84.52,81.82,82.03,1254196,-2.27,2.7,-2.77,3.29,1.35,-1
2015-03-24,83.51,85.51,83.51,84.28,1625128,0.77,2.0,0.91,2.37,1.0,1
2015-03-23,82.63,84.28,82.58,83.27,1331532,0.64,1.7,0.77,2.04,0.85,1
2015-03-20,82.47,83.6,82.32,82.82,1326795,0.35,1.28,0.42,1.55,0.64,1
2015-03-19,82.93,83.68,81.76,81.77,1091723,-1.16,1.92,-1.42,2.35,0.96,-1
2015-03-18,81.7,83.39,81.1,82.99,1534942,1.29,2.28,1.55,2.75,1.14,1
2015-03-17,81.38,82.36,81.03,81.95,1350366,0.57,1.33,0.7,1.63,0.67,1
2015-03-16,81.15,81.88,80.34,81.56,1397084,0.41,1.54,0.5,1.89,0.77,1
2015-03-13,81.04,81.9,80.38,81.15,898797,0.11,1.52,0.14,1.87,0.76,-1
2015-03-12,80.74,81.7,80.7,81.3,1038125,0.56,1.0,0.69,1.23,0.5,1
2015-03-11,83.04,83.38,80.75,81.01,1816505,-2.03,2.63,-2.51,3.24,1.31,-1
2015-03-10,84.63,85.23,82.84,83.09,1743123,-1.54,2.4,-1.85,2.88,1.2,-1
2015-03-09,85.92,86.29,84.68,84.78,1259597,-1.14,1.61,-1.34,1.9,0.8,-1
2015-03-06,86.42,86.79,84.3,85.19,1734253,-1.23,2.49,-1.44,2.92,1.24,-1
2015-03-05,86.03,86.91,85.37,86.59,1522633,0.56,1.54,0.65,1.78,0.77,1
2015-03-04,85.85,86.23,84.95,86.08,1596249,0.23,1.28,0.27,1.49,0.64,1
2015-03-03,86.17,86.6,85.0,85.97,1136111,-0.2,1.6,-0.23,1.86,0.8,-1
2015-03-02,84.42,86.9,84.28,86.59,1810631,2.17,2.62,2.51,3.03,1.31,1
2015-02-27,84.11,85.34,83.98,85.07,1545474,0.96,1.36,1.13,1.6,0.68,1
2015-02-26,85.32,85.62,83.48,83.98,1170487,-1.34,2.14,-1.6,2.55,1.07,-1
2015-02-25,83.39,85.59,83.17,84.5,1471887,1.11,2.42,1.31,2.86,1.21,1
2015-02-24,82.74,83.47,81.69,83.4,1744469,0.66,1.78,0.79,2.13,0.89,1
2015-02-23,84.72,85.0,82.88,83.3,1432955,-1.42,2.12,-1.7,2.55,1.06,-1
2015-02-20,84.58,85.35,84.52,85.16,777151,0.58,0.83,0.68,0.97,0.41,1
2015-02-19,84.63,85.13,84.24,84.68,802830,0.05,0.89,0.06,1.05,0.45,-1
2015-02-18,84.12,85.21,84.03,84.74,1178781,0.62,1.18,0.73,1.4,0.59,1
2015-02-17,84.22,84.5,83.5,83.94,1138265,-0.28,1.0,-0.33,1.19,0.5,-1
2015-02-13,83.86,84.93,83.32,84.68,1386270,0.82,1.61,0.97,1.9,0.81,1
2015-02-12,81.99,83.89,81.53,83.62,2036697,1.63,2.36,1.95,2.82,1.18,1
2015-02-11,79.25,82.3,79.22,81.65,3960764,2.4,3.08,2.94,3.77,1.54,1
2015-02-10,79.36,79.41,78.11,78.77,2607785,-0.59,1.3,-0.75,1.65,0.65,1
2015-02-09,78.25,78.91,77.43,77.51,2018217,-0.74,1.48,-0.95,1.91,0.74,-1
2015-02-06,79.6,80.27,78.4,78.58,2073827,-1.02,1.87,-1.3,2.38,0.93,-1
2015-02-05,81.22,81.23,79.44,79.44,2225396,-1.78,1.79,-2.24,2.25,0.9,-1
2015-02-04,79.78,81.38,79.55,80.73,1861923,0.95,1.83,1.18,2.26,0.91,1
2015-02-03,79.34,80.46,79.31,80.03,2145871,0.69,1.15,0.86,1.44,0.58,1
2015-02-02,76.75,79.27,76.17,79.22,2674480,2.47,3.1,3.12,3.91,1.55,1
2015-01-30,75.46,78.13,75.09,77.1,4399382,1.64,3.04,2.13,3.94,1.52,1
2015-01-29,75.72,76.44,73.65,76.19,5157097,0.47,2.79,0.62,3.66,1.39,1
2015-01-28,78.07,79.0,74.7,75.06,9530000,-3.01,4.3,-4.01,5.73,2.15,-1
2015-01-27,81.0,81.6,80.3,80.61,2638727,-0.39,1.3,-0.48,1.61,0.65,-1
2015-01-26,82.73,83.61,82.03,82.46,2466670,-0.27,1.58,-0.33,1.92,0.79,-1
2015-01-23,82.46,84.31,82.25,82.98,1954744,0.52,2.06,0.63,2.48,1.03,1
2015-01-22,80.0,82.5,79.61,82.15,1336826,2.15,2.89,2.62,3.52,1.44,1
2015-01-21,80.28,81.76,79.84,79.96,1745474,-0.32,1.92,-0.4,2.4,0.96,-1
2015-01-20,80.75,81.09,79.63,80.64,1051160,-0.11,1.46,-0.14,1.81,0.73,1
2015-01-16,79.12,81.25,79.12,80.61,2618879,1.49,2.13,1.85,2.64,1.06,1
2015-01-15,78.0,79.77,77.17,79.16,2626402,1.16,2.6,1.47,3.28,1.3,1
2015-01-14,79.13,79.47,77.01,77.74,2953145,-1.39,2.46,-1.79,3.16,1.23,-1
2015-01-13,81.27,82.59,79.06,80.0,1450588,-1.27,3.53,-1.59,4.41,1.77,-1
2015-01-12,80.21,82.25,80.21,80.74,1740157,0.53,2.04,0.66,2.53,1.02,1
2015-01-09,80.17,80.6,78.31,78.9,1364309,-1.27,2.29,-1.61,2.9,1.14,-1
2015-01-08,79.13,80.08,79.08,79.78,1463950,0.65,1.0,0.81,1.25,0.5,1
2015-01-07,79.51,79.54,78.39,78.85,1431914,-0.66,1.15,-0.84,1.46,0.58,1
2015-01-06,81.28,81.81,78.68,78.79,2467010,-2.49,3.13,-3.16,3.97,1.56,-1
2015-01-05,81.73,82.36,80.95,81.03,1120021,-0.7,1.41,-0.86,1.74,0.7,-1
2015-01-02,82.6,82.99,81.4,82.07,1098032,-0.53,1.59,-0.65,1.94,0.79,-1
2014-12-31,82.45,83.61,81.7,82.52,898181,0.07,1.91,0.08,2.31,0.95,-1
2014-12-30,83.39,83.99,82.19,82.67,1138624,-0.72,1.8,-0.87,2.18,0.9,-1
2014-12-29,84.02,84.58,83.19,83.39,1239560,-0.63,1.39,-0.76,1.67,0.7,-1
2014-12-26,84.22,84.74,83.8,84.26,880992,0.04,0.94,0.05,1.12,0.47,1
2014-12-24,83.88,85.26,83.68,84.23,350089,0.35,1.58,0.42,1.87,0.79,1
2014-12-23,83.77,84.24,83.54,83.95,1288343,0.18,0.7,0.21,0.83,0.35,1
2014-12-22,83.62,85.27,83.61,83.73,1026734,0.11,1.66,0.13,1.98,0.83,-1
2014-12-19,83.61,85.0,83.32,83.99,2001831,0.38,1.68,0.45,2.0,0.84,1
2014-12-18,81.05,83.66,80.77,83.6,2727638,2.55,2.89,3.05,3.46,1.45,1
2014-12-17,76.98,79.15,76.6,78.65,2046695,1.67,2.55,2.12,3.24,1.28,1
2014-12-16,76.22,77.75,76.21,76.73,1944596,0.51,1.54,0.66,2.01,0.77,1
2014-12-15,77.19,77.54,75.85,76.43,1681744,-0.76,1.69,-0.99,2.21,0.85,-1
2014-12-12,76.99,77.94,76.52,76.73,2213913,-0.26,1.42,-0.34,1.85,0.71,-1
2014-12-11,79.95,80.53,77.86,78.13,2359030,-1.82,2.67,-2.33,3.42,1.34,-1
2014-12-10,81.48,81.74,79.77,79.88,1401684,-1.6,1.97,-2.0,2.47,0.98,-1
2014-12-09,80.98,81.83,80.28,81.33,1586247,0.35,1.55,0.43,1.91,0.77,-1
2014-12-08,84.0,84.0,81.91,82.26,1336635,-1.74,2.09,-2.12,2.54,1.05,-1
2014-12-05,84.62,84.89,83.26,84.03,942010,-0.59,1.63,-0.7,1.94,0.81,-1
2014-12-04,85.13,86.18,83.41,84.14,1625121,-0.99,2.77,-1.18,3.29,1.39,-1
2014-12-03,84.39,85.55,83.41,85.28,1706384,0.89,2.14,1.04,2.51,1.07,1
2014-12-02,86.84,86.84,84.5,84.61,1506609,-2.23,2.34,-2.64,2.77,1.17,-1
2014-12-01,87.56,88.24,86.96,87.01,806347,-0.55,1.28,-0.63,1.47,0.64,-1
2014-11-28,87.95,89.0,87.86,87.96,566980,0.01,1.14,0.01,1.3,0.57,-1
2014-11-26,87.23,88.31,86.84,88.28,2089105,1.05,1.47,1.19,1.67,0.73,1
2014-11-25,84.92,87.24,84.92,86.91,1551636,1.99,2.32,2.29,2.68,1.16,1
2014-11-24,85.28,85.44,84.43,84.96,977916,-0.32,1.01,-0.38,1.19,0.5,-1
2014-11-21,84.45,86.0,84.01,85.26,1964687,0.81,1.99,0.95,2.33,0.99,1
2014-11-20,83.33,83.72,82.81,82.93,2313249,-0.4,0.91,-0.48,1.1,0.46,-1
2014-11-19,86.16,86.18,83.5,83.89,1684764,-2.27,2.68,-2.71,3.19,1.34,-1
2014-11-18,86.64,87.79,86.15,86.29,1791614,-0.35,1.64,-0.41,1.9,0.82,-1
2014-11-17,86.03,86.97,85.95,86.64,1516588,0.61,1.02,0.7,1.18,0.51,1
2014-11-14,85.5,87.28,85.5,86.33,1636237,0.83,1.78,0.96,2.07,0.89,1
2014-11-13,86.81,86.99,85.47,85.58,979652,-1.23,1.52,-1.44,1.78,0.76,-1
2014-11-12,84.25,87.0,84.01,86.5,2376936,2.25,2.99,2.6,3.46,1.49,1
2014-11-11,84.33,84.7,83.37,84.33,1042011,0.0,1.33,0.0,1.58,0.67,-1
2014-11-10,83.14,84.58,82.11,84.33,2372813,1.19,2.47,1.41,2.93,1.23,1
2014-11-07,83.5,83.91,83.06,83.14,2221617,-0.36,0.85,-0.43,1.02,0.42,-1
2014-11-06,83.83,84.65,83.26,83.57,1257753,-0.26,1.39,-0.31,1.66,0.7,-1
2014-11-05,84.1,84.1,83.11,83.71,2429719,-0.39,0.99,-0.47,1.18,0.49,1
2014-11-04,83.82,84.42,83.38,83.54,1486455,-0.28,1.04,-0.34,1.24,0.52,-1
2014-11-03,83.57,85.12,83.57,84.27,2364488,0.7,1.55,0.83,1.84,0.78,1
2014-10-31,84.31,84.76,83.3,83.57,1915037,-0.74,1.47,-0.89,1.75,0.73,-1
2014-10-30,83.7,84.3,83.32,83.67,1900664,-0.03,0.98,-0.04,1.17,0.49,-1
2014-10-29,85.29,85.97,83.55,83.81,1666467,-1.48,2.42,-1.77,2.89,1.21,-1
2014-10-28,84.09,85.94,83.88,85.4,1767625,1.31,2.06,1.53,2.41,1.03,1
2014-10-27,83.4,85.12,83.32,83.96,1870257,0.56,1.8,0.67,2.14,0.9,1
2014-10-24,82.63,83.95,82.47,83.84,2138335,1.21,1.48,1.44,1.77,0.74,1
2014-10-23,82.06,83.2,81.38,82.53,3831161,0.47,1.82,0.57,2.21,0.91,1
2014-10-22,80.04,84.91,80.0,81.95,10153699,1.91,4.91,2.33,5.99,2.45,-1
2014-10-21,88.69,88.75,87.2,88.19,4487885,-0.5,1.55,-0.57,1.76,0.77,1
2014-10-20,88.32,89.04,86.61,87.66,2864528,-0.66,2.43,-0.75,2.77,1.22,-1
2014-10-17,89.79,90.66,88.75,89.35,1371867,-0.44,1.91,-0.49,2.14,0.95,1
2014-10-16,88.15,89.87,87.68,88.6,1723273,0.45,2.19,0.51,2.47,1.09,-1
2014-10-15,87.69,90.29,87.06,89.57,2518515,1.88,3.23,2.1,3.61,1.62,1
2014-10-14,90.77,91.77,89.1,89.43,1255367,-1.34,2.67,-1.5,2.99,1.34,-1
2014-10-13,90.28,91.89,89.53,90.48,2151897,0.2,2.36,0.22,2.61,1.18,-1
2014-10-10,92.28,92.97,90.44,90.48,1407628,-1.8,2.53,-1.99,2.8,1.27,-1
2014-10-09,92.66,93.6,92.01,92.74,1871299,0.08,1.59,0.09,1.71,0.79,-1
2014-10-08,91.38,93.02,90.52,92.98,1120117,1.6,2.5,1.72,2.69,1.25,1
2014-10-07,93.2,93.2,91.38,91.42,1463581,-1.78,1.82,-1.95,1.99,0.91,-1
2014-10-06,94.33,94.66,92.81,93.17,854868,-1.16,1.85,-1.25,1.98,0.92,-1
2014-10-03,94.36,95.0,93.97,94.05,761543,-0.31,1.03,-0.33,1.1,0.52,-1
2014-10-02,93.41,94.84,92.51,94.15,992130,0.74,2.33,0.79,2.47,1.16,1
2014-10-01,93.77,94.23,92.42,93.34,1454257,-0.43,1.81,-0.46,1.94,0.9,-1
2014-09-30,93.88,94.46,92.56,93.84,1516590,-0.04,1.9,-0.04,2.02,0.95,-1
2014-09-29,92.68,94.6,92.5,94.1,1009973,1.42,2.1,1.51,2.23,1.05,-1
2014-09-26,92.98,94.36,92.25,94.15,1398368,1.17,2.11,1.24,2.24,1.05,1
2014-09-25,95.11,95.55,92.63,92.73,1508437,-2.38,2.92,-2.57,3.15,1.46,-1
2014-09-24,95.44,95.85,94.47,95.42,910345,-0.02,1.38,-0.02,1.45,0.69,-1
2014-09-23,96.21,97.0,95.6,95.6,1496308,-0.61,1.4,-0.64,1.46,0.7,-1
2014-09-22,94.42,98.2,93.14,96.16,4102691,1.74,5.06,1.81,5.26,2.53,1
2014-09-19,96.1,97.35,94.1,94.14,2259100,-1.96,3.25,-2.08,3.45,1.62,-1
2014-09-18,94.74,96.62,94.7,96.34,1433600,1.6,1.92,1.66,1.99,0.96,1
2014-09-17,94.67,96.01,94.18,94.5,846200,-0.17,1.83,-0.18,1.94,0.91,-1
2014-09-16,93.75,95.8,93.65,95.14,1155700,1.39,2.15,1.46,2.26,1.07,1
2014-09-15,95.69,95.8,93.27,94.14,2725400,-1.55,2.53,-1.65,2.69,1.27,-1
2014-09-12,96.59,96.91,95.34,95.75,2752500,-0.84,1.57,-0.88,1.64,0.78,-1
2014-09-11,97.72,98.0,96.09,96.7,3376900,-1.02,1.91,-1.05,1.98,0.95,-1
2014-09-10,95.6,97.64,95.59,97.38,1499600,1.78,2.05,1.83,2.11,1.02,1
2014-09-09,94.35,95.95,94.25,95.49,1447500,1.14,1.7,1.19,1.78,0.85,1
2014-09-08,95.45,96.04,94.07,94.59,1721200,-0.86,1.97,-0.91,2.08,0.99,-1
2014-09-05,96.7,96.82,95.08,95.4,1648000,-1.3,1.74,-1.36,1.82,0.87,-1
2014-09-04,98.35,98.35,95.79,96.26,1454900,-2.09,2.56,-2.17,2.66,1.28,-1
2014-09-03,98.72,99.71,97.86,97.99,778100,-0.73,1.85,-0.74,1.89,0.92,-1
2014-09-02,98.24,99.59,97.75,98.98,1190800,0.74,1.84,0.75,1.86,0.92,1
2014-08-29,98.06,99.04,97.83,98.58,1193200,0.52,1.21,0.53,1.23,0.61,1
2014-08-28,97.2,98.09,96.81,97.92,1088800,0.72,1.28,0.74,1.31,0.64,1
2014-08-27,98.1,98.5,97.35,97.5,1251800,-0.6,1.15,-0.62,1.18,0.58,-1
2014-08-26,100.03,100.19,96.83,97.8,3857300,-2.23,3.36,-2.28,3.44,1.68,-1
2014-08-25,102.57,102.99,99.45,100.78,1886000,-1.79,3.54,-1.78,3.51,1.77,-1
2014-08-22,102.78,103.25,102.18,102.24,1037400,-0.54,1.07,-0.53,1.05,0.53,-1
2014-08-21,103.65,103.65,102.46,102.57,1218800,-1.08,1.19,-1.05,1.16,0.6,-1
2014-08-20,102.7,103.81,102.29,103.64,1019800,0.94,1.52,0.91,1.47,0.76,1
2014-08-19,103.31,103.86,102.01,102.69,1544800,-0.62,1.85,-0.6,1.8,0.92,-1
2014-08-18,101.57,103.55,101.55,103.23,1743900,1.66,2.0,1.61,1.94,1.0,1
2014-08-15,101.25,101.74,100.54,101.26,1449000,0.01,1.2,0.01,1.19,0.6,1
2014-08-14,99.87,101.19,99.84,100.92,1899200,1.05,1.35,1.04,1.34,0.67,1
2014-08-13,99.38,100.29,98.6,100.08,1033800,0.7,1.69,0.7,1.69,0.85,1
2014-08-12,99.71,100.11,98.46,99.03,891400,-0.68,1.65,-0.69,1.67,0.83,-1
2014-08-11,98.9,101.15,98.61,100.19,959800,1.29,2.54,1.29,2.54,1.27,1
2014-08-08,98.61,99.54,98.31,98.61,884300,0.0,1.23,0.0,1.25,0.62,-1
2014-08-07,100.9,100.9,98.48,98.77,1128700,-2.13,2.42,-2.16,2.45,1.21,-1
2014-08-06,98.44,100.95,98.01,100.0,1375500,1.56,2.94,1.56,2.94,1.47,1
2014-08-05,99.58,99.83,98.15,98.66,1891700,-0.92,1.68,-0.93,1.7,0.84,-1
2014-08-04,98.3,100.44,98.14,100.03,1355800,1.73,2.3,1.73,2.3,1.15,1
2014-08-01,98.84,100.49,98.1,98.33,1976600,-0.51,2.39,-0.52,2.43,1.2,-1
2014-07-31,100.56,101.94,99.3,99.36,1909700,-1.2,2.64,-1.21,2.66,1.32,-1
2014-07-30,99.27,102.31,98.99,101.83,3182300,2.56,3.32,2.51,3.26,1.66,1
2014-07-29,97.66,99.14,97.38,98.61,1767300,0.95,1.76,0.96,1.78,0.88,1
2014-07-28,97.34,98.02,96.9,97.5,1698500,0.16,1.12,0.16,1.15,0.56,1
2014-07-25,95.92,98.03,95.53,97.23,1739500,1.31,2.5,1.35,2.57,1.25,1
2014-07-24,94.81,96.62,93.1,96.61,2236300,1.8,3.52,1.86,3.64,1.76,1
2014-07-23,97.92,99.36,94.12,94.52,4019000,-3.4,5.24,-3.6,5.54,2.62,-1
2014-07-22,93.22,97.0,93.07,96.03,3479200,2.81,3.93,2.93,4.09,1.97,1
2014-07-21,95.15,96.45,92.87,92.95,3253200,-2.2,3.58,-2.37,3.85,1.79,-1
2014-07-18,93.78,95.87,93.53,95.31,1256200,1.53,2.34,1.61,2.46,1.17,1
2014-07-17,93.91,95.59,92.92,93.13,1450900,-0.78,2.67,-0.84,2.87,1.34,-1
2014-07-16,95.77,95.77,93.86,94.05,1378000,-1.72,1.91,-1.83,2.03,0.95,-1
2014-07-15,95.7,96.04,94.46,94.82,1160700,-0.88,1.58,-0.93,1.67,0.79,-1
2014-07-14,94.63,96.19,93.87,95.97,820100,1.34,2.32,1.4,2.42,1.16,1
2014-07-11,95.8,95.97,94.0,94.16,784800,-1.64,1.97,-1.74,2.09,0.98,-1
2014-07-10,93.42,96.4,93.1,95.45,807400,2.03,3.3,2.13,3.46,1.65,1
2014-07-09,93.65,95.59,93.38,94.72,1125700,1.07,2.21,1.13,2.33,1.11,-1
2014-07-08,96.44,97.09,94.91,95.22,1485200,-1.22,2.18,-1.28,2.29,1.09,-1
2014-07-07,97.99,98.31,97.0,97.09,814000,-0.9,1.31,-0.93,1.35,0.66,-1
2014-07-03,98.09,98.93,96.99,98.33,738600,0.24,1.94,0.24,1.97,0.97,1
2014-07-02,98.16,99.13,97.14,97.59,978000,-0.57,1.99,-0.58,2.04,0.99,-1
2014-07-01,96.91,98.94,96.77,98.29,1553000,1.38,2.17,1.4,2.21,1.09,1
2014-06-30,97.02,97.91,96.29,96.81,1131400,-0.21,1.62,-0.22,1.67,0.81,-1
2014-06-27,97.82,98.15,95.86,97.01,3110400,-0.81,2.29,-0.83,2.36,1.15,-1
2014-06-26,96.07,97.9,94.9,97.71,1878500,1.64,3.0,1.68,3.07,1.5,1
2014-06-25,93.8,96.11,93.5,96.07,1239300,2.27,2.61,2.36,2.72,1.3,1
2014-06-24,94.56,95.47,93.56,93.72,1483800,-0.84,1.91,-0.9,2.04,0.95,-1
2014-06-23,93.5,94.63,92.9,94.41,1142000,0.91,1.73,0.96,1.83,0.86,1
2014-06-20,93.84,94.77,92.69,93.16,1365600,-0.68,2.08,-0.73,2.23,1.04,-1
2014-06-19,95.84,96.22,94.33,94.33,1089500,-1.51,1.89,-1.6,2.0,0.95,-1
2014-06-18,95.17,95.44,94.17,95.28,595100,0.11,1.27,0.12,1.33,0.63,1
2014-06-17,95.16,95.17,93.56,94.73,975000,-0.43,1.61,-0.45,1.7,0.8,-1
2014-06-16,94.9,95.44,93.85,95.16,1023600,0.26,1.59,0.27,1.67,0.8,1
2014-06-13,94.46,95.62,94.15,95.05,670500,0.59,1.47,0.62,1.55,0.73,1
2014-06-12,96.01,96.63,93.61,94.11,1503100,-1.9,3.02,-2.02,3.21,1.51,-1
2014-06-11,95.97,96.85,95.69,96.48,713900,0.51,1.16,0.53,1.2,0.58,1
2014-06-10,96.28,97.36,95.83,96.35,915300,0.07,1.53,0.07,1.59,0.77,-1
2014-06-09,97.0,97.65,96.19,96.57,1143400,-0.43,1.46,-0.45,1.51,0.73,-1
2014-06-06,97.0,98.2,96.66,96.97,620800,-0.03,1.54,-0.03,1.59,0.77,1
2014-06-05,96.25,97.14,95.55,96.7,1041500,0.45,1.59,0.47,1.64,0.8,1
2014-06-04,95.63,97.21,95.24,96.38,828200,0.75,1.97,0.78,2.04,0.98,1
2014-06-03,96.43,96.89,95.1,96.0,736700,-0.43,1.79,-0.45,1.86,0.9,-1
2014-06-02,96.37,97.04,95.8,96.79,810800,0.42,1.24,0.43,1.28,0.62,1
2014-05-30,98.59,98.96,96.25,96.5,1362500,-2.09,2.71,-2.17,2.81,1.35,-1
2014-05-29,97.71,99.14,97.2,98.64,1415800,0.93,1.94,0.94,1.97,0.97,1
2014-05-28,96.79,96.79,94.96,96.03,1105700,-0.76,1.83,-0.79,1.91,0.92,-1
2014-05-27,96.65,97.51,96.49,96.79,769300,0.14,1.02,0.14,1.05,0.51,1
2014-05-23,96.4,96.66,95.29,96.51,930500,0.11,1.37,0.11,1.42,0.68,1
2014-05-22,94.83,96.79,94.69,96.44,1404100,1.61,2.1,1.67,2.18,1.05,1
2014-05-21,93.89,95.21,93.37,94.98,1355600,1.09,1.84,1.15,1.94,0.92,1
2014-05-20,95.47,95.52,92.18,93.33,1593400,-2.14,3.34,-2.29,3.58,1.67,-1
2014-05-19,93.77,95.74,93.69,95.23,991900,1.46,2.05,1.53,2.15,1.02,1
2014-05-16,94.22,94.88,92.91,94.46,1426700,0.24,1.97,0.25,2.09,0.98,1
2014-05-15,93.54,94.03,92.23,93.85,1039900,0.31,1.8,0.33,1.92,0.9,1
2014-05-14,93.66,94.57,93.15,93.73,670600,0.07,1.42,0.07,1.51,0.71,-1
2014-05-13,95.15,95.34,93.61,94.02,814900,-1.13,1.73,-1.2,1.84,0.87,-1
2014-05-12,93.33,95.22,93.33,95.0,960600,1.67,1.89,1.76,1.99,0.95,1
2014-05-09,92.18,94.03,91.75,93.25,1253500,1.07,2.28,1.15,2.45,1.14,1
2014-05-08,91.97,93.95,91.35,92.67,1065300,0.7,2.6,0.76,2.81,1.3,1
2014-05-07,93.35,93.37,91.43,92.28,1638700,-1.07,1.94,-1.16,2.1,0.97,-1
2014-05-06,92.98,94.06,92.68,93.17,1197500,0.19,1.38,0.2,1.48,0.69,1
2014-05-05,92.62,93.34,91.91,93.15,1268700,0.53,1.43,0.57,1.54,0.72,-1
2014-05-02,91.36,94.29,91.3,93.68,2343800,2.32,2.99,2.48,3.19,1.5,1
2014-05-01,92.58,94.23,91.82,92.05,2002300,-0.53,2.41,-0.58,2.62,1.21,-1
2014-04-30,89.99,93.08,89.68,92.51,2037900,2.52,3.4,2.72,3.68,1.7,1
2014-04-29,90.15,90.62,89.1,90.0,2735600,-0.15,1.52,-0.17,1.69,0.76,-1
2014-04-28,92.89,93.4,88.64,90.06,3962600,-2.83,4.76,-3.14,5.29,2.38,-1
2014-04-25,96.0,96.0,92.78,92.87,2856600,-3.13,3.22,-3.37,3.47,1.61,-1
2014-04-24,96.44,96.82,94.76,96.44,3138400,0.0,2.06,0.0,2.14,1.03,1
2014-04-23,98.21,98.85,93.8,95.53,7237500,-2.68,5.05,-2.81,5.29,2.52,-1
2014-04-22,105.1,107.32,104.96,105.15,3939600,0.05,2.36,0.05,2.24,1.18,1
2014-04-21,103.01,105.1,102.65,104.84,1705200,1.83,2.45,1.75,2.34,1.22,1
2014-04-17,102.34,103.5,100.55,103.17,1416200,0.83,2.95,0.8,2.86,1.48,1
2014-04-16,102.71,104.48,101.0,102.34,1534300,-0.37,3.48,-0.36,3.4,1.74,1
2014-04-15,100.73,102.61,99.44,102.22,1772900,1.49,3.17,1.46,3.1,1.59,1
2014-04-14,100.94,101.65,99.71,100.78,2210000,-0.16,1.94,-0.16,1.92,0.97,1
2014-04-11,101.42,101.7,98.88,99.24,3267400,-2.18,2.82,-2.2,2.84,1.41,-1
2014-04-10,106.6,107.0,101.8,102.18,2540900,-4.42,5.2,-4.33,5.09,2.6,-1
2014-04-09,107.67,107.98,104.14,106.4,2773800,-1.27,3.84,-1.19,3.61,1.92,-1
2014-04-08,104.46,107.9,103.5,107.68,2065200,3.22,4.4,2.99,4.09,2.2,1
2014-04-07,103.9,105.58,103.01,104.36,2356200,0.46,2.57,0.44,2.46,1.28,1
2014-04-04,108.66,109.26,103.33,103.98,3503600,-4.68,5.93,-4.5,5.7,2.97,-1
2014-04-03,109.54,110.13,106.58,107.92,2044700,-1.62,3.55,-1.5,3.29,1.77,-1
2014-04-02,111.36,112.89,109.46,109.55,1633400,-1.81,3.43,-1.65,3.13,1.72,-1
2014-04-01,108.29,111.83,108.19,111.8,2156400,3.51,3.64,3.14,3.26,1.82,1
2014-03-31,107.05,109.93,106.78,108.02,1620200,0.97,3.15,0.9,2.92,1.58,1
2014-03-28,107.16,108.62,105.58,106.29,1545800,-0.87,3.04,-0.82,2.86,1.52,-1
2014-03-27,105.55,108.26,104.3,106.66,2119900,1.11,3.96,1.04,3.71,1.98,1
2014-03-26,110.73,111.39,104.69,105.56,4442200,-5.17,6.7,-4.9,6.35,3.35,-1
2014-03-25,109.06,110.58,107.8,110.08,2213400,1.02,2.78,0.93,2.53,1.39,1
2014-03-24,110.81,111.02,106.63,108.76,2622800,-2.05,4.39,-1.88,4.04,2.2,-1
2014-03-21,111.19,111.45,108.29,109.21,1914500,-1.98,3.16,-1.81,2.89,1.58,-1
2014-03-20,108.85,111.04,108.75,110.67,1441400,1.82,2.29,1.64,2.07,1.15,1
2014-03-19,109.55,109.86,108.26,109.35,2497600,-0.2,1.6,-0.18,1.46,0.8,-1
2014-03-18,110.0,110.67,109.75,110.22,2480100,0.22,0.92,0.2,0.83,0.46,1
2014-03-17,106.83,110.0,106.51,109.74,3130300,2.91,3.49,2.65,3.18,1.74,1
2014-03-14,104.1,105.78,103.52,105.5,1194200,1.4,2.26,1.33,2.14,1.13,1
2014-03-13,107.35,107.86,103.29,103.97,3040000,-3.38,4.57,-3.25,4.4,2.28,-1
2014-03-12,103.68,107.45,103.68,106.87,3492300,3.19,3.77,2.98,3.53,1.88,1
2014-03-11,104.08,106.46,103.08,103.75,3532800,-0.33,3.38,-0.32,3.26,1.69,1
2014-03-10,101.88,103.03,100.93,103.03,2053100,1.15,2.1,1.12,2.04,1.05,1
2014-03-07,102.49,102.51,100.69,101.51,1374000,-0.98,1.82,-0.97,1.79,0.91,-1
2014-03-06,103.08,103.42,101.89,101.96,1265200,-1.12,1.53,-1.1,1.5,0.77,-1
2014-03-05,100.44,103.44,100.11,102.83,3115300,2.39,3.33,2.32,3.24,1.66,1
2014-03-04,97.37,101.43,97.29,101.04,4202700,3.67,4.14,3.63,4.1,2.07,1
2014-03-03,92.82,96.04,92.73,95.65,1417400,2.83,3.31,2.96,3.46,1.66,-1
2014-02-28,98.0,98.0,95.34,96.05,1653500,-1.95,2.66,-2.03,2.77,1.33,-1
2014-02-27,97.19,98.32,95.74,97.78,1675100,0.59,2.58,0.6,2.64,1.29,1
2014-02-26,96.64,99.22,96.28,97.69,2255600,1.05,2.94,1.07,3.01,1.47,1
2014-02-25,96.6,96.93,95.94,96.25,1027600,-0.35,0.99,-0.36,1.03,0.5,-1
2014-02-24,96.23,97.5,96.07,96.69,1281000,0.46,1.43,0.48,1.48,0.72,1
2014-02-21,95.89,97.2,95.38,96.41,1509700,0.52,1.82,0.54,1.89,0.91,1
2014-02-20,94.49,95.95,94.02,95.82,1773200,1.33,1.93,1.39,2.01,0.97,1
2014-02-19,95.25,95.86,94.2,94.33,1781500,-0.92,1.66,-0.98,1.76,0.83,-1
2014-02-18,94.85,96.49,94.66,95.61,3178800,0.76,1.83,0.79,1.91,0.91,1
2014-02-14,94.33,96.52,93.63,95.2,3470200,0.87,2.89,0.91,3.04,1.45,1
2014-02-13,92.83,94.42,92.56,93.72,1831300,0.89,1.86,0.95,1.98,0.93,1
2014-02-12,93.0,94.86,92.66,93.53,2070700,0.53,2.2,0.57,2.35,1.1,1
2014-02-11,93.04,93.79,92.16,93.06,1593600,0.02,1.63,0.02,1.75,0.82,-1
2014-02-10,91.63,93.2,91.15,93.07,2084000,1.44,2.05,1.55,2.2,1.02,1
2014-02-07,91.02,91.81,90.15,91.72,2244900,0.7,1.66,0.76,1.81,0.83,1
2014-02-06,89.92,91.03,89.28,90.93,2317800,1.01,1.75,1.11,1.92,0.88,1
2014-02-05,88.0,89.9,87.1,89.6,2675100,1.6,2.8,1.79,3.13,1.4,1
2014-02-04,87.63,88.61,86.88,88.08,2866500,0.45,1.73,0.51,1.96,0.87,1
2014-02-03,89.39,90.52,86.91,87.1,3204100,-2.29,3.61,-2.63,4.14,1.8,-1
2014-01-31,90.32,90.95,89.38,90.14,2522100,-0.18,1.57,-0.2,1.74,0.79,-1
2014-01-30,93.48,93.49,90.58,90.77,3762100,-2.71,2.91,-2.99,3.21,1.45,-1
2014-01-29,93.29,96.68,91.41,91.72,5798100,-1.57,5.27,-1.71,5.75,2.64,-1
2014-01-28,93.61,95.71,93.4,94.94,3754100,1.33,2.31,1.4,2.43,1.15,1
2014-01-27,95.0,95.57,92.25,93.11,3267400,-1.89,3.32,-2.03,3.57,1.66,-1
2014-01-24,97.7,97.7,94.66,94.94,2563100,-2.76,3.04,-2.91,3.2,1.52,-1
2014-01-23,96.87,98.38,96.6,97.7,1908600,0.83,1.78,0.85,1.82,0.89,-1
2014-01-22,96.01,99.94,95.25,98.51,4277000,2.5,4.69,2.54,4.76,2.34,1
2014-01-21,98.0,99.17,96.21,97.36,2115300,-0.64,2.96,-0.66,3.04,1.48,-1
2014-01-17,98.35,98.89,95.82,98.2,2927000,-0.15,3.07,-0.15,3.13,1.54,-1
2014-01-16,99.79,101.52,98.22,99.33,3110400,-0.46,3.3,-0.46,3.32,1.65,1
2014-01-15,96.72,98.61,96.55,98.33,2303800,1.61,2.06,1.64,2.09,1.03,1
2014-01-14,93.48,97.07,93.23,96.73,3294000,3.25,3.84,3.36,3.97,1.92,1
2014-01-13,93.51,94.1,92.63,93.01,1188300,-0.5,1.47,-0.54,1.58,0.73,-1
2014-01-10,93.39,94.88,92.17,93.26,1505600,-0.13,2.71,-0.14,2.91,1.35,1
2014-01-09,93.51,93.92,92.12,92.84,921500,-0.67,1.8,-0.72,1.94,0.9,-1
2014-01-08,94.51,95.54,92.89,93.45,2004500,-1.06,2.65,-1.13,2.84,1.33,-1
2014-01-07,89.85,94.87,89.85,94.71,4447400,4.86,5.02,5.13,5.3,2.51,1
2014-01-06,89.68,90.0,88.59,89.07,903400,-0.61,1.41,-0.68,1.58,0.7,-1
2014-01-03,89.49,90.0,89.28,89.42,729600,-0.07,0.72,-0.08,0.81,0.36,-1
2014-01-02,88.87,89.63,88.47,89.5,1158700,0.63,1.16,0.7,1.3,0.58,-1
2013-12-31,89.3,90.18,89.12,89.71,817200,0.41,1.06,0.46,1.18,0.53,1
2013-12-30,88.89,89.15,88.4,89.15,929000,0.26,0.75,0.29,0.84,0.38,1
2013-12-27,89.3,89.65,88.66,88.96,823900,-0.34,0.99,-0.38,1.11,0.5,1
2013-12-26,89.5,89.71,88.29,88.85,1245700,-0.65,1.42,-0.73,1.6,0.71,-1
2013-12-24,89.09,89.68,89.02,89.44,636800,0.35,0.66,0.39,0.74,0.33,1
2013-12-23,90.26,90.42,88.35,88.9,2405700,-1.36,2.07,-1.53,2.33,1.04,-1
2013-12-20,88.04,90.91,88.04,90.18,4208000,2.14,2.87,2.37,3.18,1.43,1
2013-12-19,87.5,88.62,87.2,87.35,1966700,-0.15,1.42,-0.17,1.63,0.71,-1
2013-12-18,86.9,87.95,85.76,87.54,1602900,0.64,2.19,0.73,2.5,1.09,1
2013-12-17,86.39,87.25,85.0,86.72,1420000,0.33,2.25,0.38,2.59,1.12,1
2013-12-16,85.67,87.42,85.48,86.49,2102900,0.82,1.94,0.95,2.24,0.97,1
2013-12-13,86.47,87.0,85.4,85.62,1692900,-0.85,1.6,-0.99,1.87,0.8,-1
2013-12-12,85.17,86.66,85.09,86.26,1934700,1.09,1.57,1.26,1.82,0.78,1
2013-12-11,86.5,87.03,85.3,85.6,2245900,-0.9,1.73,-1.05,2.02,0.87,-1
2013-12-10,86.7,86.95,85.62,86.62,2078800,-0.08,1.33,-0.09,1.54,0.66,-1
2013-12-09,86.37,87.41,85.68,87.1,2638200,0.73,1.73,0.84,1.99,0.86,1
2013-12-06,85.03,86.83,84.49,86.48,3000500,1.45,2.34,1.68,2.71,1.17,1
2013-12-05,83.51,85.27,83.51,84.16,2939100,0.65,1.76,0.77,2.09,0.88,1
2013-12-04,79.94,84.28,79.79,83.7,3297000,3.76,4.49,4.49,5.36,2.24,1
2013-12-03,78.86,80.85,78.86,80.06,2104900,1.2,1.99,1.5,2.49,0.99,1
2013-12-02,80.49,80.69,79.37,79.51,1370700,-0.98,1.32,-1.23,1.66,0.66,-1
2013-11-29,80.85,81.16,80.36,80.63,276900,-0.22,0.8,-0.27,0.99,0.4,-1
2013-11-27,80.85,81.25,80.64,80.79,1014900,-0.06,0.61,-0.07,0.76,0.3,-1
2013-11-26,80.52,81.86,79.57,80.84,1487000,0.32,2.29,0.4,2.83,1.15,1
2013-11-25,81.21,81.82,79.66,80.33,2009300,-0.88,2.16,-1.1,2.69,1.08,-1
2013-11-22,81.18,81.72,80.79,81.3,1640300,0.12,0.93,0.15,1.14,0.46,1
2013-11-21,78.57,81.17,78.57,80.99,2544000,2.42,2.6,2.99,3.21,1.3,1
2013-11-20,78.45,79.52,78.29,78.42,1712900,-0.03,1.23,-0.04,1.57,0.61,1
2013-11-19,78.34,78.58,77.77,78.29,1319600,-0.05,0.81,-0.06,1.03,0.41,1
2013-11-18,79.04,79.47,77.86,78.22,1368400,-0.82,1.61,-1.05,2.06,0.8,-1
2013-11-15,78.0,79.26,77.45,78.96,2146100,0.96,1.81,1.22,2.29,0.91,1
2013-11-14,78.92,79.17,76.51,77.24,4376500,-1.68,2.66,-2.18,3.44,1.33,-1
2013-11-13,80.68,81.56,79.09,79.58,3988000,-1.1,2.47,-1.38,3.1,1.23,-1
2013-11-12,79.99,81.24,79.3,80.66,1095800,0.67,1.94,0.83,2.41,0.97,1
2013-11-11,79.58,80.61,79.23,80.32,1584500,0.74,1.38,0.92,1.72,0.69,1
2013-11-08,80.52,80.96,78.65,79.28,3012500,-1.24,2.31,-1.56,2.91,1.15,-1
2013-11-07,82.12,82.38,80.28,80.66,1657700,-1.46,2.1,-1.81,2.6,1.05,-1
2013-11-06,80.65,82.03,80.63,81.65,1680300,1.0,1.4,1.22,1.71,0.7,1
2013-11-05,80.58,81.26,80.25,80.52,1257200,-0.06,1.01,-0.07,1.25,0.51,-1
2013-11-04,80.93,81.94,80.46,81.32,1217200,0.39,1.48,0.48,1.82,0.74,1
2013-11-01,81.48,81.64,79.8,80.75,1473200,-0.73,1.84,-0.9,2.28,0.92,-1
2013-10-31,81.49,82.85,81.26,81.28,1517700,-0.21,1.59,-0.26,1.96,0.79,-1
2013-10-30,82.0,82.12,80.77,81.44,1404000,-0.56,1.35,-0.69,1.66,0.68,-1
2013-10-29,82.67,83.28,81.19,81.85,2477900,-0.82,2.09,-1.0,2.55,1.05,-1
2013-10-28,83.05,83.75,81.9,82.26,2212600,-0.79,1.85,-0.96,2.25,0.92,-1
2013-10-25,85.06,85.31,83.13,83.39,1854600,-1.67,2.18,-2.0,2.61,1.09,-1
2013-10-24,83.86,85.1,83.71,84.78,2153400,0.92,1.39,1.09,1.64,0.7,1
2013-10-23,84.16,84.57,82.01,83.54,4187900,-0.62,2.56,-0.74,3.06,1.28,-1
2013-10-22,90.11,90.75,83.99,85.0,10305700,-5.11,6.76,-6.01,7.95,3.38,1
2013-10-21,82.61,83.28,81.25,82.65,5297100,0.04,2.03,0.05,2.46,1.02,1
2013-10-18,81.21,82.22,80.6,81.43,3202700,0.22,1.62,0.27,1.99,0.81,1
2013-10-17,79.3,79.31,78.53,78.74,1753500,-0.56,0.78,-0.71,0.99,0.39,-1
2013-10-16,77.91,79.88,77.9,79.66,1985800,1.75,1.98,2.2,2.49,0.99,1
2013-10-15,80.19,80.34,77.77,77.91,1835200,-2.28,2.57,-2.93,3.3,1.29,-1
2013-10-14,79.79,80.29,78.85,80.28,1083200,0.49,1.44,0.61,1.79,0.72,-1
2013-10-11,80.01,81.12,79.77,80.44,1427000,0.43,1.35,0.53,1.68,0.68,1
2013-10-10,77.82,80.11,77.81,79.52,2451900,1.7,2.3,2.14,2.89,1.15,1
2013-10-09,78.52,79.49,76.94,78.93,2239000,0.41,2.55,0.52,3.23,1.27,1
2013-10-08,79.77,80.6,77.34,78.06,3296700,-1.71,3.26,-2.19,4.18,1.63,-1
2013-10-07,80.11,81.69,79.93,80.7,1263200,0.59,1.76,0.73,2.18,0.88,-1
2013-10-04,79.8,81.89,79.7,81.06,1573700,1.26,2.19,1.55,2.7,1.09,1
2013-10-03,82.48,82.9,79.28,79.85,2616200,-2.63,3.62,-3.29,4.53,1.81,-1
2013-10-02,81.39,82.67,81.39,82.44,790300,1.05,1.28,1.27,1.55,0.64,1
2013-10-01,80.94,82.75,80.78,82.04,1454100,1.1,1.97,1.34,2.4,0.98,1
2013-09-30,82.15,82.25,80.62,80.9,1999200,-1.25,1.63,-1.55,2.01,0.81,-1
2013-09-27,83.4,83.41,82.31,82.63,1021600,-0.77,1.1,-0.93,1.33,0.55,-1
2013-09-26,83.65,85.11,83.42,83.8,1038300,0.15,1.69,0.18,2.02,0.84,1
2013-09-25,83.45,84.02,82.69,83.23,956600,-0.22,1.33,-0.26,1.6,0.66,1
2013-09-24,84.5,84.6,82.82,83.19,2984300,-1.31,1.78,-1.57,2.14,0.89,-1
2013-09-23,87.42,87.42,84.42,85.33,1753400,-2.09,3.0,-2.45,3.52,1.5,-1
2013-09-20,88.74,89.22,87.29,87.51,1679100,-1.23,1.93,-1.41,2.21,0.96,-1
2013-09-19,89.95,90.6,88.67,88.89,1241600,-1.06,1.93,-1.19,2.17,0.96,-1
2013-09-18,87.81,89.39,87.32,89.16,1022500,1.35,2.07,1.51,2.32,1.04,1
2013-09-17,87.98,88.32,87.35,87.51,723900,-0.47,0.97,-0.54,1.11,0.48,-1
2013-09-16,88.1,89.4,88.02,88.32,949000,0.22,1.38,0.25,1.56,0.69,1
2013-09-13,87.96,88.04,86.9,87.63,792200,-0.33,1.14,-0.38,1.3,0.57,-1
2013-09-12,88.51,88.62,87.68,87.95,813800,-0.56,0.94,-0.64,1.07,0.47,-1
2013-09-11,88.45,88.96,87.82,88.37,937600,-0.08,1.14,-0.09,1.29,0.57,-1
2013-09-10,87.57,89.36,87.33,88.78,1393900,1.21,2.03,1.36,2.29,1.02,1
2013-09-09,85.34,87.83,85.34,87.08,1746500,1.74,2.49,2.0,2.86,1.24,1
2013-09-06,85.04,85.54,84.19,84.81,1093500,-0.23,1.35,-0.27,1.59,0.68,-1
2013-09-05,84.73,85.34,84.55,84.9,656600,0.17,0.79,0.2,0.93,0.4,-1
2013-09-04,84.88,85.53,83.87,84.97,897200,0.09,1.66,0.11,1.95,0.83,1
2013-09-03,84.97,85.56,83.82,84.63,975700,-0.34,1.74,-0.4,2.06,0.87,1
2013-08-30,85.51,85.64,83.92,84.15,859500,-1.36,1.72,-1.62,2.04,0.86,-1
2013-08-29,83.94,85.25,83.66,84.86,879800,0.92,1.59,1.08,1.87,0.8,1
2013-08-28,83.3,84.34,83.12,83.82,948500,0.52,1.22,0.62,1.46,0.61,1
2013-08-27,85.28,86.23,82.9,83.39,2781500,-1.89,3.33,-2.27,3.99,1.66,-1
2013-08-26,87.84,88.5,86.19,86.52,1776900,-1.32,2.31,-1.53,2.67,1.16,-1
2013-08-23,87.26,88.38,86.73,87.8,2519800,0.54,1.65,0.62,1.88,0.82,1
2013-08-22,84.41,85.77,84.36,85.46,839100,1.05,1.41,1.23,1.65,0.7,1
2013-08-21,83.3,85.35,83.3,84.31,1489100,1.01,2.05,1.2,2.43,1.02,1
2013-08-20,83.69,83.85,83.16,83.44,1034500,-0.25,0.69,-0.3,0.83,0.34,1
2013-08-19,83.7,85.06,83.06,83.36,1586700,-0.34,2.0,-0.41,2.4,1.0,-1
2013-08-16,83.85,84.35,83.57,83.97,1285000,0.12,0.78,0.14,0.93,0.39,1
2013-08-15,84.66,84.66,83.02,83.96,1859200,-0.7,1.64,-0.83,1.95,0.82,-1
2013-08-14,85.92,86.69,85.4,85.69,1287800,-0.23,1.29,-0.27,1.51,0.64,-1
2013-08-13,85.98,86.23,85.3,85.88,1432200,-0.1,0.93,-0.12,1.08,0.47,-1
2013-08-12,84.35,86.29,84.26,86.02,1417700,1.67,2.03,1.94,2.36,1.02,1
2013-08-09,84.91,85.84,84.4,84.99,2076200,0.08,1.44,0.09,1.69,0.72,1
2013-08-08,83.43,86.0,83.25,84.95,2830400,1.52,2.75,1.79,3.24,1.38,1
2013-08-07,82.1,82.87,81.6,82.87,1732300,0.77,1.27,0.93,1.53,0.64,1
2013-08-06,82.28,82.89,81.81,82.57,1066900,0.29,1.08,0.35,1.31,0.54,-1
2013-08-05,81.98,83.36,81.69,82.58,1314400,0.6,1.67,0.73,2.02,0.84,1
2013-08-02,81.64,82.39,81.26,82.17,1391000,0.53,1.13,0.65,1.38,0.56,1
2013-08-01,82.43,83.02,81.43,82.1,1870900,-0.33,1.59,-0.4,1.94,0.79,-1
2013-07-31,83.0,83.49,81.63,82.19,1964500,-0.81,1.86,-0.99,2.26,0.93,-1
2013-07-30,83.54,83.66,82.14,82.55,1755300,-0.99,1.52,-1.2,1.84,0.76,-1
2013-07-29,81.96,83.39,81.41,83.06,2082600,1.1,1.98,1.32,2.38,0.99,1
2013-07-26,83.15,83.75,82.25,82.36,2001300,-0.79,1.5,-0.96,1.82,0.75,-1
2013-07-25,82.1,84.77,81.09,84.04,4213700,1.94,3.68,2.31,4.38,1.84,1
2013-07-24,80.49,84.21,79.41,83.2,13269900,2.71,4.8,3.26,5.77,2.4,1
2013-07-23,70.2,71.55,70.09,71.28,5819800,1.08,1.46,1.52,2.05,0.73,1
2013-07-22,70.24,70.84,69.86,69.9,1873700,-0.34,0.98,-0.49,1.4,0.49,-1
2013-07-19,71.01,71.42,70.56,70.63,1280200,-0.38,0.86,-0.54,1.22,0.43,-1
2013-07-18,71.91,72.54,71.43,71.7,939700,-0.21,1.11,-0.29,1.55,0.55,-1
2013-07-17,72.11,72.32,70.68,71.77,1110500,-0.34,1.64,-0.47,2.29,0.82,-1
2013-07-16,70.9,72.42,70.82,72.02,2027100,1.12,1.6,1.56,2.22,0.8,1
2013-07-15,70.47,71.34,69.8,71.01,940400,0.54,1.54,0.76,2.17,0.77,1
2013-07-12,70.59,71.35,70.11,70.5,3187700,-0.09,1.24,-0.13,1.76,0.62,-1
2013-07-11,67.96,71.29,67.94,71.28,3208200,3.32,3.35,4.66,4.7,1.68,1
2013-07-10,66.68,67.73,66.49,67.14,1630200,0.46,1.24,0.69,1.85,0.62,1
2013-07-09,65.76,66.41,65.11,66.13,2483700,0.37,1.3,0.56,1.97,0.65,1
2013-07-08,66.72,66.87,65.36,65.58,1387600,-1.14,1.51,-1.74,2.3,0.76,-1
2013-07-05,65.88,66.71,65.81,66.51,980500,0.63,0.9,0.95,1.35,0.45,1
2013-07-03,65.3,66.15,65.02,65.59,828100,0.29,1.13,0.44,1.72,0.57,-1
2013-07-02,66.72,66.79,65.39,65.6,1756900,-1.12,1.4,-1.71,2.13,0.7,-1
2013-07-01,67.21,67.69,66.67,66.78,1969000,-0.43,1.02,-0.64,1.53,0.51,-1
2013-06-28,67.19,67.25,65.41,66.99,2638600,-0.2,1.84,-0.3,2.75,0.92,-1
2013-06-27,67.32,68.3,66.8,67.65,1278900,0.33,1.5,0.49,2.22,0.75,1
2013-06-26,65.76,67.85,65.76,67.2,1652800,1.44,2.09,2.14,3.11,1.04,1
2013-06-25,66.24,66.44,64.87,65.53,2474200,-0.71,1.57,-1.08,2.4,0.78,-1
2013-06-24,66.87,66.88,64.86,65.93,2939100,-0.94,2.02,-1.43,3.06,1.01,-1
2013-06-21,69.53,69.9,67.18,67.7,3269000,-1.83,2.72,-2.7,4.02,1.36,-1
2013-06-20,70.73,70.73,69.69,69.83,2613000,-0.9,1.04,-1.29,1.49,0.52,-1
2013-06-19,70.45,71.79,69.69,71.0,2684700,0.55,2.1,0.77,2.96,1.05,1
2013-06-18,69.91,70.6,69.86,70.26,1247500,0.35,0.74,0.5,1.05,0.37,1
2013-06-17,70.06,70.84,69.3,69.92,1265900,-0.14,1.54,-0.2,2.2,0.77,1
2013-06-14,70.62,71.45,69.67,69.73,1834100,-0.89,1.78,-1.28,2.55,0.89,-1
2013-06-13,70.52,71.12,69.56,70.54,2086600,0.02,1.56,0.03,2.21,0.78,-1
2013-06-12,71.68,72.26,70.16,70.54,1978300,-1.14,2.1,-1.62,2.98,1.05,-1
2013-06-11,69.73,71.99,69.51,70.82,2501100,1.09,2.48,1.54,3.5,1.24,1
2013-06-10,71.4,71.53,69.81,70.29,1547500,-1.11,1.72,-1.58,2.45,0.86,-1
2013-06-07,69.41,71.83,69.16,71.27,2740200,1.86,2.67,2.61,3.75,1.34,-1
2013-06-06,69.25,71.85,68.51,71.83,5968000,2.58,3.34,3.59,4.65,1.67,1
2013-06-05,67.76,68.82,66.46,66.93,2934500,-0.83,2.36,-1.24,3.53,1.18,-1
2013-06-04,69.0,69.55,68.21,68.62,2204900,-0.38,1.34,-0.55,1.95,0.67,-1
2013-06-03,70.38,70.5,67.93,69.4,4177700,-0.98,2.57,-1.41,3.7,1.28,-1
2013-05-31,71.5,72.76,70.97,71.12,2380500,-0.38,1.79,-0.53,2.52,0.9,-1
2013-05-30,72.65,73.47,69.6,71.5,7591600,-1.15,3.87,-1.61,5.41,1.94,-1
2013-05-29,72.86,73.0,71.59,72.42,1878800,-0.44,1.41,-0.61,1.95,0.7,-1
2013-05-28,73.31,73.92,72.55,73.23,2019200,-0.08,1.37,-0.11,1.87,0.69,1
2013-05-24,71.99,72.71,70.87,72.29,2747800,0.3,1.84,0.41,2.55,0.92,-1
2013-05-23,72.23,73.0,72.0,72.38,2753600,0.15,1.0,0.21,1.38,0.5,-1
2013-05-22,76.68,77.31,73.42,73.6,2655500,-3.08,3.89,-4.18,5.29,1.95,-1
2013-05-21,77.0,77.09,76.11,76.22,1215700,-0.78,0.98,-1.02,1.29,0.49,-1
2013-05-20,78.6,78.92,75.75,76.76,2515100,-1.84,3.17,-2.4,4.13,1.59,-1
2013-05-17,79.07,79.27,78.51,78.95,1121600,-0.12,0.76,-0.15,0.96,0.38,1
2013-05-16,77.99,79.71,77.9,78.88,2807000,0.89,1.81,1.13,2.29,0.9,1
2013-05-15,77.15,77.76,76.5,77.14,1707600,-0.01,1.26,-0.01,1.63,0.63,-1
2013-05-14,76.81,78.13,76.43,77.39,2880200,0.58,1.7,0.75,2.2,0.85,1
2013-05-13,76.58,77.75,75.95,76.77,1931300,0.19,1.8,0.25,2.34,0.9,-1
2013-05-10,75.77,77.18,75.57,76.9,2064800,1.13,1.61,1.47,2.09,0.81,1
2013-05-09,76.3,76.75,74.87,75.38,3138800,-0.92,1.88,-1.22,2.49,0.94,-1
2013-05-08,76.24,77.2,75.28,76.94,1824600,0.7,1.92,0.91,2.5,0.96,1
2013-05-07,76.53,77.15,75.98,76.52,1684100,-0.01,1.17,-0.01,1.53,0.59,-1
2013-05-06,73.98,78.7,73.98,76.76,3827900,2.78,4.72,3.62,6.15,2.36,1
2013-05-03,72.42,74.7,72.08,74.5,3095600,2.08,2.62,2.79,3.52,1.31,1
2013-05-02,70.33,71.6,70.09,71.4,2360500,1.07,1.51,1.5,2.11,0.75,1
2013-05-01,70.56,71.36,70.07,70.45,2157900,-0.11,1.29,-0.16,1.83,0.65,-1
2013-04-30,71.84,71.99,70.07,70.5,3133800,-1.34,1.92,-1.9,2.72,0.96,-1
2013-04-29,71.74,72.23,71.21,71.24,2383500,-0.5,1.02,-0.7,1.43,0.51,-1
2013-04-26,72.47,72.75,70.8,71.46,2132200,-1.01,1.95,-1.41,2.73,0.98,-1
2013-04-25,70.72,73.16,70.3,72.07,4391600,1.35,2.86,1.87,3.97,1.43,1
2013-04-24,71.24,72.77,70.5,71.23,5326600,-0.01,2.27,-0.01,3.19,1.13,-1
2013-04-23,74.16,76.38,73.71,75.7,5341100,1.54,2.67,2.03,3.53,1.34,1
2013-04-22,71.66,74.24,71.64,73.79,2225900,2.13,2.6,2.89,3.52,1.3,1
2013-04-19,74.57,74.58,70.53,72.46,4140700,-2.11,4.05,-2.91,5.59,2.02,-1
2013-04-18,77.06,77.13,74.01,74.39,2748800,-2.67,3.12,-3.59,4.19,1.56,-1
2013-04-17,77.72,78.04,76.22,76.54,1416000,-1.18,1.82,-1.54,2.38,0.91,-1
2013-04-16,77.38,78.56,75.59,78.45,2162300,1.07,2.97,1.36,3.79,1.48,1
2013-04-15,76.21,78.75,76.01,76.71,2395100,0.5,2.74,0.65,3.57,1.37,1
2013-04-12,77.12,77.21,74.82,76.67,2026100,-0.45,2.39,-0.59,3.12,1.2,-1
2013-04-11,77.56,78.15,76.53,77.18,1616700,-0.38,1.62,-0.49,2.1,0.81,-1
2013-04-10,76.75,78.74,76.53,77.95,2122800,1.2,2.21,1.54,2.84,1.1,1
2013-04-09,76.28,77.38,75.5,76.73,1561000,0.45,1.88,0.59,2.45,0.94,1
2013-04-08,76.83,77.1,75.77,76.36,1379800,-0.47,1.33,-0.62,1.74,0.66,-1
2013-04-05,74.5,77.05,74.33,76.91,1807000,2.41,2.72,3.13,3.54,1.36,1
2013-04-04,76.29,77.62,75.98,76.67,1644300,0.38,1.64,0.5,2.14,0.82,1
2013-04-03,78.0,78.23,75.4,76.13,2037700,-1.87,2.83,-2.46,3.72,1.41,-1
2013-04-02,78.44,79.19,77.6,77.65,1564600,-0.79,1.59,-1.02,2.05,0.8,-1
2013-04-01,78.53,79.07,77.59,78.12,1246500,-0.41,1.48,-0.52,1.89,0.74,-1
2013-03-28,78.06,79.13,77.55,78.88,1803500,0.82,1.58,1.04,2.0,0.79,1
2013-03-27,77.48,79.86,76.33,78.56,4098500,1.08,3.53,1.37,4.49,1.77,1
2013-03-26,77.18,77.5,75.68,76.09,2835200,-1.09,1.82,-1.43,2.39,0.91,-1
2013-03-25,80.53,80.57,75.51,76.5,3981300,-4.03,5.06,-5.27,6.61,2.53,-1
2013-03-22,80.93,81.42,78.39,80.15,3172000,-0.78,3.03,-0.97,3.78,1.52,-1
2013-03-21,80.13,81.51,79.78,81.05,1424600,0.92,1.73,1.14,2.13,0.87,-1
2013-03-20,81.0,82.5,80.95,81.31,1509300,0.31,1.55,0.38,1.91,0.77,1
2013-03-19,83.15,83.36,80.0,80.67,3774900,-2.48,3.36,-3.07,4.17,1.68,-1
2013-03-18,82.47,83.7,82.11,82.77,1344200,0.3,1.59,0.36,1.92,0.8,-1
2013-03-15,84.56,85.91,83.71,83.85,3870600,-0.71,2.2,-0.85,2.62,1.1,-1
2013-03-14,82.21,85.25,81.69,85.1,5949800,2.89,3.56,3.4,4.18,1.78,1
2013-03-13,75.44,82.82,75.37,81.37,9575100,5.93,7.45,7.29,9.16,3.72,1
2013-03-12,75.08,76.18,74.33,75.29,2104400,0.21,1.85,0.28,2.46,0.93,-1
2013-03-11,75.02,75.84,74.65,75.4,1403600,0.38,1.19,0.5,1.58,0.59,1
2013-03-08,74.37,75.0,73.91,74.56,1065100,0.19,1.09,0.25,1.46,0.55,1
2013-03-07,74.56,74.92,73.58,73.88,1487800,-0.68,1.34,-0.92,1.81,0.67,-1
2013-03-06,75.21,75.6,74.29,74.31,1755600,-0.9,1.31,-1.21,1.76,0.65,-1
2013-03-05,74.01,75.15,73.88,74.87,2146700,0.86,1.27,1.15,1.7,0.64,1
2013-03-04,73.29,73.99,72.79,73.57,1441800,0.28,1.2,0.38,1.63,0.6,1
2013-03-01,71.86,73.76,71.34,73.55,1777200,1.69,2.42,2.3,3.29,1.21,1
2013-02-28,72.44,73.36,71.83,71.83,1760500,-0.61,1.53,-0.85,2.13,0.77,-1
2013-02-27,71.88,73.55,71.8,72.82,2092700,0.94,1.75,1.29,2.4,0.88,1
2013-02-26,71.09,72.23,70.43,71.79,2223400,0.7,1.8,0.98,2.51,0.9,1
2013-02-25,73.1,73.28,70.28,70.37,2016400,-2.73,3.0,-3.88,4.26,1.5,-1
2013-02-22,71.98,72.46,71.5,72.38,1680700,0.4,0.96,0.55,1.33,0.48,1
2013-02-21,71.18,71.79,70.05,71.25,2487000,0.07,1.74,0.1,2.44,0.87,-1
2013-02-20,73.61,74.03,71.23,71.34,3114100,-2.27,2.8,-3.18,3.92,1.4,-1
2013-02-19,74.95,75.23,73.35,73.66,2628500,-1.29,1.88,-1.75,2.55,0.94,-1
2013-02-15,73.38,74.96,73.01,74.95,3713800,1.57,1.95,2.09,2.6,0.97,1
2013-02-14,73.96,74.15,73.25,73.38,3441300,-0.58,0.9,-0.79,1.23,0.45,-1
2013-02-13,76.59,76.87,73.73,74.28,5725500,-2.31,3.14,-3.11,4.23,1.57,-1
2013-02-12,76.95,77.52,75.79,76.7,3088400,-0.25,1.73,-0.33,2.26,0.86,-1
2013-02-11,79.25,79.34,77.02,77.04,3952600,-2.21,2.32,-2.87,3.01,1.16,-1
2013-02-08,79.05,79.59,78.62,79.19,2879400,0.14,0.97,0.18,1.22,0.48,1
2013-02-07,78.92,79.5,78.0,79.05,3349300,0.13,1.5,0.16,1.9,0.75,1
2013-02-06,78.05,78.96,77.9,78.9,2310100,0.85,1.06,1.08,1.34,0.53,1
2013-02-05,78.11,79.02,77.6,78.34,2200500,0.23,1.42,0.29,1.81,0.71,1
2013-02-04,78.35,79.01,77.52,77.95,3172900,-0.4,1.49,-0.51,1.91,0.75,-1
2013-02-01,77.02,79.07,76.79,78.79,4816200,1.77,2.28,2.25,2.89,1.14,1
2013-01-31,78.45,79.09,76.25,76.48,7690000,-1.97,2.84,-2.58,3.71,1.42,-1
2013-01-30,78.66,79.67,77.15,77.65,9342400,-1.01,2.52,-1.3,3.25,1.26,1
2013-01-29,78.9,80.0,76.33,77.14,27784900,-1.76,3.67,-2.28,4.76,1.84,-1
2013-01-28,97.76,99.1,97.66,98.32,5393100,0.56,1.44,0.57,1.46,0.72,-1
2013-01-25,96.57,99.0,96.55,99.0,2838100,2.43,2.45,2.45,2.47,1.23,1
2013-01-24,94.8,97.49,94.32,95.7,2387100,0.9,3.17,0.94,3.31,1.59,1
2013-01-23,93.87,95.3,93.35,94.42,1324100,0.55,1.95,0.58,2.07,0.98,1
2013-01-22,93.65,93.82,91.9,92.78,1421200,-0.87,1.92,-0.94,2.07,0.96,-1
2013-01-18,95.72,95.72,93.43,93.81,1670100,-1.91,2.29,-2.04,2.44,1.14,-1
2013-01-17,95.74,96.06,94.82,95.36,1447000,-0.38,1.24,-0.4,1.3,0.62,1
2013-01-16,97.22,98.56,95.09,95.25,2763100,-1.97,3.47,-2.07,3.64,1.73,-1
2013-01-15,95.86,97.94,95.8,97.71,1844300,1.85,2.14,1.89,2.19,1.07,1
2013-01-14,94.24,97.12,94.24,97.11,1548300,2.87,2.88,2.96,2.97,1.44,1
2013-01-11,95.3,96.24,94.68,95.62,941000,0.32,1.56,0.33,1.63,0.78,-1
2013-01-10,95.76,96.74,94.91,95.94,2229300,0.18,1.83,0.19,1.91,0.91,1
2013-01-09,92.77,94.88,92.77,94.87,1842900,2.1,2.11,2.21,2.22,1.05,1
2013-01-08,92.03,93.11,91.0,92.75,1969500,0.72,2.11,0.78,2.27,1.05,1
2013-01-07,92.8,93.24,91.16,92.02,1268400,-0.78,2.08,-0.85,2.26,1.04,-1
2013-01-04,92.38,93.55,91.15,93.21,1721300,0.83,2.4,0.89,2.57,1.2,1
2013-01-03,94.71,94.79,91.41,91.94,1888800,-2.77,3.38,-3.01,3.68,1.69,-1
2013-01-02,95.76,97.31,92.4,94.93,3030800,-0.83,4.91,-0.87,5.17,2.45,1
2012-12-31,92.58,94.32,92.25,94.14,991700,1.56,2.07,1.66,2.2,1.03,1
2012-12-28,93.93,94.29,92.75,92.85,1015900,-1.08,1.54,-1.16,1.66,0.77,-1
2012-12-27,95.19,95.5,92.69,94.61,782900,-0.58,2.81,-0.61,2.97,1.41,-1
2012-12-26,95.82,97.0,94.1,94.83,620300,-0.99,2.9,-1.04,3.06,1.45,-1
2012-12-24,95.14,96.5,93.0,95.83,1055200,0.69,3.5,0.72,3.65,1.75,1
2012-12-21,94.58,95.89,94.23,95.51,1574700,0.93,1.66,0.97,1.74,0.83,-1
2012-12-20,95.77,96.92,95.05,96.61,1207000,0.84,1.87,0.87,1.94,0.94,-1
2012-12-19,97.17,99.55,96.35,96.82,2928600,-0.35,3.2,-0.36,3.31,1.6,1
2012-12-18,94.2,96.07,94.16,95.5,1668600,1.3,1.91,1.36,2.0,0.95,1
2012-12-17,92.76,94.3,92.59,94.24,1555600,1.48,1.71,1.57,1.81,0.85,1
2012-12-14,91.1,92.9,91.1,92.51,1382400,1.41,1.8,1.52,1.95,0.9,1
2012-12-13,91.9,92.63,90.61,91.15,1460800,-0.75,2.02,-0.82,2.22,1.01,-1
2012-12-12,94.58,94.62,91.62,91.75,1926900,-2.83,3.0,-3.08,3.27,1.5,-1
2012-12-11,93.31,95.16,93.31,94.28,1978200,0.97,1.85,1.03,1.96,0.92,1
2012-12-10,90.82,92.93,90.62,92.6,1192800,1.78,2.31,1.92,2.49,1.16,1
2012-12-07,91.77,92.6,91.31,91.8,1292100,0.03,1.29,0.03,1.41,0.64,1
2012-12-06,90.33,92.1,89.84,91.77,1162000,1.44,2.26,1.57,2.46,1.13,1
2012-12-05,90.37,90.73,88.05,90.34,1830100,-0.03,2.68,-0.03,2.97,1.34,-1
2012-12-04,90.98,91.71,90.48,91.47,901600,0.49,1.23,0.54,1.34,0.61,-1
2012-12-03,90.32,92.34,90.22,91.78,1760400,1.46,2.12,1.59,2.31,1.06,1
2012-11-30,91.48,91.96,90.0,90.95,1625300,-0.53,1.96,-0.58,2.16,0.98,-1
2012-11-29,93.47,94.55,91.01,91.71,2348900,-1.76,3.54,-1.92,3.86,1.77,-1
2012-11-28,89.09,92.82,88.46,92.68,1955300,3.59,4.36,3.87,4.7,2.18,1
2012-11-27,90.43,92.45,89.23,89.56,2190400,-0.87,3.22,-0.97,3.6,1.61,-1
2012-11-26,88.85,90.45,88.46,90.3,1683400,1.45,1.99,1.61,2.2,1.0,1
2012-11-23,88.76,90.0,88.63,89.71,667200,0.95,1.37,1.06,1.53,0.69,1
2012-11-21,86.43,88.63,86.39,88.06,1172900,1.63,2.24,1.85,2.54,1.12,1
2012-11-20,86.59,87.0,85.17,86.01,910400,-0.58,1.83,-0.67,2.13,0.91,-1
2012-11-19,87.31,87.38,85.9,86.45,1460100,-0.86,1.48,-0.99,1.71,0.74,1
2012-11-16,85.52,86.1,84.0,85.81,1472600,0.29,2.1,0.34,2.45,1.05,1
2012-11-15,85.04,85.25,83.66,84.77,1346900,-0.27,1.59,-0.32,1.88,0.8,-1
2012-11-14,88.1,88.78,84.6,84.86,1858900,-3.24,4.18,-3.82,4.93,2.09,-1
2012-11-13,85.81,87.44,85.25,86.6,1215800,0.79,2.19,0.91,2.53,1.09,-1
2012-11-12,88.19,88.53,86.75,87.12,1058300,-1.07,1.78,-1.23,2.04,0.89,-1
2012-11-09,87.09,89.89,86.51,87.59,1415000,0.5,3.38,0.57,3.86,1.69,-1
2012-11-08,90.23,90.79,87.72,87.76,1513900,-2.47,3.07,-2.81,3.5,1.54,-1
2012-11-07,90.54,91.18,89.15,90.19,2913700,-0.35,2.03,-0.39,2.25,1.02,-1
2012-11-06,89.36,94.2,89.17,92.91,3761700,3.55,5.03,3.82,5.41,2.52,1
2012-11-05,88.74,90.13,88.08,89.62,1922700,0.88,2.05,0.98,2.29,1.02,1
2012-11-02,88.35,88.93,88.0,88.74,2145900,0.39,0.93,0.44,1.05,0.47,1
2012-11-01,85.29,88.52,84.99,88.02,2308000,2.73,3.53,3.1,4.01,1.77,1
2012-10-31,85.1,85.44,83.88,84.77,1406200,-0.33,1.56,-0.39,1.84,0.78,-1
2012-10-26,86.35,87.1,84.09,85.01,1759000,-1.34,3.01,-1.58,3.54,1.5,-1
2012-10-25,85.87,86.51,83.84,86.36,3216600,0.49,2.67,0.57,3.09,1.34,1
2012-10-24,86.5,88.57,83.74,85.67,5536300,-0.83,4.83,-0.97,5.64,2.41,1
2012-10-23,81.88,83.97,81.5,83.72,4398900,1.84,2.47,2.2,2.95,1.23,1
2012-10-22,84.07,84.44,82.59,83.36,1946800,-0.71,1.85,-0.85,2.22,0.92,-1
2012-10-19,85.45,86.29,83.12,83.65,3002000,-1.8,3.17,-2.15,3.79,1.59,-1
2012-10-18,87.73,87.74,85.46,85.56,2494100,-2.17,2.28,-2.54,2.66,1.14,-1
2012-10-17,89.08,89.44,86.81,87.29,2382100,-1.79,2.63,-2.05,3.01,1.31,-1
2012-10-16,89.22,90.92,88.0,90.76,2261900,1.54,2.92,1.7,3.22,1.46,1
2012-10-15,88.26,89.9,87.22,87.93,1700500,-0.33,2.68,-0.38,3.05,1.34,1
2012-10-12,88.52,89.1,86.32,87.3,3404700,-1.22,2.78,-1.4,3.18,1.39,-1
2012-10-11,91.47,91.59,88.2,88.99,2560500,-2.48,3.39,-2.79,3.81,1.7,-1
2012-10-10,92.03,92.17,90.1,90.32,1736800,-1.71,2.07,-1.89,2.29,1.04,-1
2012-10-09,94.81,94.82,90.85,91.08,4085200,-3.73,3.97,-4.1,4.36,1.98,-1
2012-10-08,96.55,97.83,95.89,96.41,1365200,-0.14,1.94,-0.15,2.01,0.97,-1
2012-10-05,97.83,99.12,96.9,97.33,1779700,-0.5,2.22,-0.51,2.28,1.11,-1
2012-10-04,94.67,97.43,94.6,97.33,1497200,2.66,2.83,2.73,2.91,1.42,1
2012-10-03,95.4,96.8,95.26,96.62,1201800,1.22,1.54,1.26,1.59,0.77,1
2012-10-02,94.46,96.94,94.16,95.19,1987900,0.73,2.78,0.77,2.92,1.39,1
2012-10-01,95.11,97.95,93.25,93.49,2337500,-1.62,4.7,-1.73,5.03,2.35,-1
2012-09-28,96.87,97.9,95.83,96.74,1171400,-0.13,2.07,-0.13,2.14,1.04,-1
2012-09-27,94.64,97.99,94.26,97.18,1294700,2.54,3.73,2.61,3.84,1.86,1
2012-09-26,95.42,95.55,92.75,94.21,2373900,-1.21,2.8,-1.28,2.97,1.4,-1
2012-09-25,97.68,98.36,96.01,96.15,1994700,-1.53,2.35,-1.59,2.44,1.17,-1
2012-09-24,98.81,99.35,97.13,97.29,1338800,-1.52,2.22,-1.56,2.28,1.11,-1
2012-09-21,100.29,101.45,99.9,100.68,1658500,0.39,1.55,0.39,1.54,0.77,1
2012-09-20,98.95,99.76,97.6,99.75,1387700,0.8,2.16,0.8,2.17,1.08,1
2012-09-19,99.56,99.94,98.38,99.25,1204700,-0.31,1.56,-0.31,1.57,0.78,-1
2012-09-18,100.21,100.49,98.92,99.55,957800,-0.66,1.57,-0.66,1.58,0.78,-1
2012-09-17,101.51,102.83,100.31,100.54,1396900,-0.97,2.52,-0.96,2.51,1.26,-1
2012-09-14,99.7,103.02,99.5,102.27,2540800,2.57,3.52,2.51,3.44,1.76,1
2012-09-13,97.4,99.8,96.67,99.31,2191700,1.91,3.13,1.92,3.15,1.56,1
2012-09-12,96.44,98.31,95.9,97.6,2060100,1.16,2.41,1.19,2.47,1.2,1
2012-09-11,93.75,96.7,93.32,96.48,2022400,2.73,3.38,2.83,3.5,1.69,1
2012-09-10,94.0,94.64,93.13,93.75,1588500,-0.25,1.51,-0.27,1.61,0.76,-1
2012-09-07,94.29,95.1,93.06,94.29,1730000,0.0,2.04,0.0,2.16,1.02,1
2012-09-06,90.02,94.14,89.81,94.02,2448900,4.0,4.33,4.25,4.61,2.16,1
2012-09-05,88.27,89.35,87.54,89.09,1325200,0.82,1.81,0.92,2.03,0.9,1
2012-09-04,88.55,88.96,86.62,87.94,1472900,-0.61,2.34,-0.69,2.66,1.17,-1
2012-08-31,89.67,90.0,87.9,89.04,1184400,-0.63,2.1,-0.71,2.36,1.05,1
2012-08-30,90.16,90.16,88.07,88.51,2094300,-1.65,2.09,-1.86,2.36,1.05,-1
2012-08-29,90.9,91.56,88.8,90.62,2002900,-0.28,2.76,-0.31,3.05,1.38,-1
2012-08-28,92.27,92.32,90.23,90.82,2632000,-1.45,2.09,-1.6,2.3,1.04,-1
2012-08-27,92.92,93.25,91.31,92.32,1561700,-0.6,1.94,-0.65,2.1,0.97,1
2012-08-24,90.75,92.99,89.63,92.21,2629300,1.46,3.36,1.58,3.64,1.68,1
2012-08-23,94.51,94.72,90.85,91.24,3469900,-3.27,3.87,-3.58,4.24,1.94,-1
2012-08-22,95.0,95.8,94.05,95.07,1303600,0.07,1.75,0.07,1.84,0.88,-1
2012-08-21,96.67,97.3,94.82,95.15,1737800,-1.52,2.48,-1.6,2.61,1.24,-1
2012-08-20,97.7,97.7,95.32,96.12,1086200,-1.58,2.38,-1.64,2.48,1.19,-1
2012-08-17,98.55,98.95,96.97,97.76,1548200,-0.79,1.98,-0.81,2.03,0.99,-1
2012-08-16,95.98,98.92,95.75,98.05,2157400,2.07,3.17,2.11,3.23,1.59,1
2012-08-15,93.9,95.51,93.68,94.6,919200,0.7,1.83,0.74,1.93,0.91,1
2012-08-14,97.0,97.04,93.81,94.07,1231200,-2.93,3.23,-3.11,3.43,1.62,-1
2012-08-13,96.7,97.6,95.25,96.36,1278700,-0.34,2.35,-0.35,2.44,1.17,-1
2012-08-10,96.75,98.16,95.92,97.41,1525600,0.66,2.24,0.68,2.3,1.12,-1
2012-08-09,93.4,98.23,93.33,97.74,2533800,4.34,4.9,4.44,5.01,2.45,1
2012-08-08,94.39,94.77,92.93,93.57,975600,-0.82,1.84,-0.88,1.97,0.92,-1
2012-08-07,93.5,95.18,93.38,94.42,1067000,0.92,1.8,0.97,1.91,0.9,1
2012-08-06,92.75,94.28,92.18,93.14,1299500,0.39,2.1,0.42,2.25,1.05,1
2012-08-03,90.0,93.14,88.88,93.05,2226800,3.05,4.26,3.28,4.58,2.13,1
2012-08-02,87.85,90.09,86.66,87.59,1453800,-0.26,3.43,-0.3,3.92,1.72,-1
2012-08-01,90.39,90.93,88.18,89.0,2487400,-1.39,2.75,-1.56,3.09,1.38,-1
2012-07-31,93.03,93.46,90.44,90.76,1845200,-2.27,3.02,-2.5,3.33,1.51,-1
2012-07-30,94.02,95.21,92.2,92.37,2401500,-1.65,3.01,-1.79,3.26,1.5,-1
2012-07-27,92.02,96.33,91.01,95.7,2544300,3.68,5.32,3.85,5.56,2.66,1
2012-07-26,89.46,92.85,89.17,92.41,2900000,2.95,3.68,3.19,3.98,1.84,1
2012-07-25,89.11,90.28,87.29,87.69,1553800,-1.42,2.99,-1.62,3.41,1.49,-1
2012-07-24,86.05,90.81,85.95,88.89,4771300,2.84,4.86,3.19,5.47,2.43,-1
2012-07-23,86.99,89.44,85.74,89.23,2568400,2.24,3.7,2.51,4.15,1.85,-1
2012-07-20,91.92,91.96,88.92,89.8,2286600,-2.12,3.04,-2.36,3.39,1.52,-1
2012-07-19,88.78,93.61,88.45,92.76,3351600,3.98,5.16,4.29,5.56,2.58,1
2012-07-18,85.7,90.81,85.32,89.98,6824800,4.28,5.49,4.76,6.1,2.75,1
2012-07-17,84.03,84.2,79.46,80.29,5850500,-3.74,4.74,-4.66,5.9,2.37,-1
2012-07-16,85.49,85.78,84.13,84.41,1151500,-1.08,1.65,-1.28,1.95,0.83,-1
2012-07-13,83.75,86.09,83.75,85.38,2153600,1.63,2.34,1.91,2.74,1.17,1
2012-07-12,81.55,84.27,80.13,83.65,3177500,2.1,4.14,2.51,4.95,2.07,1
2012-07-11,82.23,83.25,80.47,81.78,1633900,-0.45,2.78,-0.55,3.4,1.39,-1
2012-07-10,84.22,85.4,82.09,82.42,2259300,-1.8,3.31,-2.18,4.02,1.66,-1
2012-07-09,85.54,86.5,82.35,83.08,2495800,-2.46,4.15,-2.96,5.0,2.08,-1
2012-07-06,85.25,86.94,83.21,83.97,3403400,-1.28,3.73,-1.52,4.44,1.87,-1
2012-07-05,91.81,92.45,90.21,90.21,1182100,-1.6,2.24,-1.77,2.48,1.12,-1
2012-07-03,91.36,91.91,90.6,91.85,836800,0.49,1.31,0.53,1.43,0.66,1
2012-07-02,89.98,91.31,89.15,90.51,1803800,0.53,2.16,0.59,2.39,1.08,-1
2012-06-29,87.22,91.08,87.15,91.04,3296300,3.82,3.93,4.2,4.32,1.96,1
2012-06-28,87.46,87.75,82.56,84.06,3563100,-3.4,5.19,-4.04,6.17,2.59,-1
2012-06-27,88.54,89.52,87.81,88.67,981800,0.13,1.71,0.15,1.93,0.85,1
2012-06-26,88.61,89.52,87.17,88.22,1418000,-0.39,2.35,-0.44,2.66,1.17,-1
2012-06-25,91.8,92.23,86.97,88.43,2130900,-3.37,5.26,-3.81,5.95,2.63,-1
2012-06-22,89.69,92.61,89.21,92.45,2066400,2.76,3.4,2.99,3.68,1.7,1
2012-06-21,91.11,91.86,88.55,88.78,2653000,-2.33,3.31,-2.62,3.73,1.66,-1
2012-06-20,93.65,94.21,92.23,93.47,1065200,-0.18,1.98,-0.19,2.12,0.99,1
2012-06-19,93.33,94.55,92.7,93.34,1637100,0.01,1.85,0.01,1.98,0.92,1
2012-06-18,90.3,93.41,88.58,92.07,1924300,1.77,4.83,1.92,5.25,2.41,1
2012-06-15,88.3,91.39,87.84,91.02,2638600,2.72,3.55,2.99,3.9,1.77,1
2012-06-14,88.99,88.99,87.3,88.6,1832700,-0.39,1.69,-0.44,1.91,0.84,-1
2012-06-13,90.6,90.91,88.43,88.78,1221300,-1.82,2.48,-2.05,2.79,1.24,-1
2012-06-12,91.17,91.83,89.6,90.86,1074900,-0.31,2.23,-0.34,2.45,1.12,1
2012-06-11,94.26,94.75,90.31,90.49,1108700,-3.77,4.44,-4.17,4.91,2.22,-1
2012-06-08,91.86,94.01,91.66,93.8,1362100,1.94,2.35,2.07,2.51,1.18,1
2012-06-07,95.0,95.0,92.08,92.25,1509400,-2.75,2.92,-2.98,3.17,1.46,-1
2012-06-06,91.63,94.69,91.57,93.9,1849300,2.27,3.12,2.42,3.32,1.56,1
2012-06-05,88.08,91.63,87.84,90.68,1356500,2.6,3.79,2.87,4.18,1.89,1
2012-06-04,88.99,90.82,87.17,88.33,2490200,-0.66,3.65,-0.75,4.13,1.82,-1
2012-06-01,91.43,91.98,88.94,89.46,1841000,-1.97,3.04,-2.2,3.4,1.52,-1
2012-05-31,94.5,94.65,91.55,93.01,1908900,-1.49,3.1,-1.6,3.33,1.55,-1
2012-05-30,93.8,95.4,92.3,94.71,1483900,0.91,3.1,0.96,3.27,1.55,-1
2012-05-29,95.22,95.75,93.37,94.89,1962500,-0.33,2.38,-0.35,2.51,1.19,1
2012-05-25,95.35,96.47,93.37,94.02,2180100,-1.33,3.1,-1.41,3.3,1.55,-1
2012-05-24,100.2,100.58,92.86,95.43,4917300,-4.77,7.72,-5.0,8.09,3.86,-1
2012-05-23,99.59,101.98,98.28,101.52,1632700,1.93,3.7,1.9,3.64,1.85,1
2012-05-22,101.37,103.05,99.99,100.89,1675800,-0.48,3.06,-0.48,3.03,1.53,-1
2012-05-21,98.77,101.63,96.3,101.37,1642500,2.6,5.33,2.56,5.26,2.66,1
2012-05-18,99.77,100.62,97.39,97.9,1883600,-1.87,3.23,-1.91,3.3,1.62,-1
2012-05-17,99.53,101.79,98.46,98.95,1782800,-0.58,3.33,-0.59,3.37,1.67,-1
2012-05-16,101.91,103.11,98.89,99.58,1398200,-2.33,4.22,-2.34,4.24,2.11,-1
2012-05-15,100.67,103.97,100.5,101.76,1092800,1.09,3.47,1.07,3.41,1.73,1
2012-05-14,101.12,102.41,100.46,100.67,954400,-0.45,1.95,-0.45,1.94,0.98,-1
2012-05-11,100.77,103.95,99.91,102.32,1640600,1.55,4.04,1.51,3.95,2.02,1
2012-05-10,105.71,106.49,100.62,101.18,2913200,-4.53,5.87,-4.48,5.8,2.93,-1
2012-05-09,102.98,106.72,102.92,105.33,1368600,2.35,3.8,2.23,3.61,1.9,1
2012-05-08,107.06,107.38,101.6,105.07,1653400,-1.99,5.78,-1.89,5.5,2.89,-1
2012-05-07,106.83,109.46,106.72,107.6,993000,0.77,2.74,0.72,2.55,1.37,-1
2012-05-04,111.43,111.47,107.72,108.02,1529500,-3.41,3.75,-3.16,3.47,1.88,-1
2012-05-03,114.77,114.96,111.36,112.46,1324900,-2.31,3.6,-2.05,3.2,1.8,-1
2012-05-02,111.4,115.0,111.22,114.62,1379400,3.22,3.78,2.81,3.3,1.89,1
2012-05-01,111.97,113.88,110.86,112.63,1287400,0.66,3.02,0.59,2.68,1.51,1
2012-04-30,111.21,112.92,110.83,111.72,1624200,0.51,2.09,0.46,1.87,1.05,-1
2012-04-27,111.06,112.86,110.35,112.41,1710200,1.35,2.51,1.2,2.23,1.26,1
2012-04-26,106.88,111.4,106.73,110.92,2254300,4.04,4.67,3.64,4.21,2.34,1
2012-04-25,105.24,107.0,104.47,106.69,2228400,1.45,2.53,1.36,2.37,1.27,1
2012-04-24,107.84,107.9,102.66,103.48,3162500,-4.36,5.24,-4.21,5.06,2.62,-1
2012-04-23,109.53,109.63,106.98,107.52,2120200,-2.01,2.65,-1.87,2.46,1.32,-1
2012-04-20,113.76,115.0,110.98,111.24,1798300,-2.52,4.02,-2.27,3.61,2.01,-1
2012-04-19,113.78,118.79,112.53,113.75,4712600,-0.03,6.26,-0.03,5.5,3.13,1
2012-04-18,111.46,112.48,109.75,111.29,2886500,-0.17,2.73,-0.15,2.45,1.37,1
2012-04-17,109.8,110.87,109.34,110.49,1137600,0.69,1.53,0.62,1.38,0.77,1
2012-04-16,113.0,113.37,108.2,109.0,1520900,-4.0,5.17,-3.67,4.74,2.59,-1
2012-04-13,109.83,113.44,109.2,112.48,2215400,2.65,4.24,2.36,3.77,2.12,1
2012-04-12,107.48,109.48,107.48,109.07,1429900,1.59,2.0,1.46,1.83,1.0,1
2012-04-11,105.49,109.5,103.0,107.61,5474000,2.12,6.5,1.97,6.04,3.25,-1
2012-04-10,112.83,114.46,109.95,110.37,1256200,-2.46,4.51,-2.23,4.09,2.25,-1
2012-04-09,111.48,113.14,111.04,112.51,760600,1.03,2.1,0.92,1.87,1.05,-1
2012-04-05,112.23,113.95,111.77,113.75,942700,1.52,2.18,1.34,1.92,1.09,1
2012-04-04,113.4,114.41,111.84,112.97,1268600,-0.43,2.57,-0.38,2.27,1.28,-1
2012-04-03,114.0,115.0,113.17,114.53,1373300,0.53,1.83,0.46,1.6,0.91,1
2012-04-02,111.3,115.19,111.0,114.4,1883800,3.1,4.19,2.71,3.66,2.09,1
2012-03-30,112.96,113.76,110.8,112.37,1484300,-0.59,2.96,-0.53,2.63,1.48,-1
2012-03-29,109.07,112.79,108.91,112.46,2131100,3.39,3.88,3.01,3.45,1.94,1
2012-03-28,110.0,111.0,107.5,108.59,1654500,-1.41,3.5,-1.3,3.22,1.75,1
2012-03-27,110.42,110.71,108.46,108.55,1132400,-1.87,2.25,-1.72,2.07,1.12,-1
2012-03-26,109.11,110.75,109.11,110.35,1181100,1.24,1.64,1.12,1.49,0.82,1
2012-03-23,108.3,108.97,107.2,108.84,748800,0.54,1.77,0.5,1.63,0.88,1
2012-03-22,108.12,109.53,107.8,108.66,1283000,0.54,1.73,0.5,1.59,0.87,-1
2012-03-21,106.97,109.95,106.88,109.45,1655800,2.48,3.07,2.27,2.8,1.54,1
2012-03-20,106.0,106.67,104.16,106.47,1100800,0.47,2.51,0.44,2.36,1.26,-1
2012-03-19,106.43,107.5,105.69,106.8,880400,0.37,1.81,0.35,1.69,0.91,-1
2012-03-16,108.84,109.36,106.75,107.11,1325300,-1.73,2.61,-1.62,2.44,1.3,-1
2012-03-15,105.34,109.01,105.08,108.9,2360300,3.56,3.93,3.27,3.61,1.97,1
2012-03-14,104.72,105.86,103.8,105.49,1501300,0.77,2.06,0.73,1.95,1.03,1
2012-03-13,100.52,105.3,100.35,105.08,2420900,4.56,4.95,4.34,4.71,2.48,1
2012-03-12,100.25,100.67,99.6,99.96,470200,-0.29,1.07,-0.29,1.07,0.54,-1
2012-03-09,100.59,101.32,100.11,100.52,778700,-0.07,1.21,-0.07,1.2,0.6,-1
2012-03-08,100.51,101.49,100.14,100.61,736700,0.1,1.35,0.1,1.34,0.67,1
2012-03-07,98.51,100.6,98.35,100.01,993700,1.5,2.25,1.5,2.25,1.12,1
2012-03-06,98.66,98.8,97.3,98.13,976900,-0.53,1.5,-0.54,1.53,0.75,-1
2012-03-05,100.16,101.08,98.8,99.81,710700,-0.35,2.28,-0.35,2.28,1.14,-1
2012-03-02,100.88,101.99,100.64,100.89,1171600,0.01,1.35,0.01,1.34,0.67,-1
2012-03-01,100.29,101.98,99.31,101.97,1279900,1.68,2.67,1.65,2.62,1.34,1
2012-02-29,100.14,101.19,98.75,98.89,1048500,-1.25,2.44,-1.26,2.47,1.22,-1
2012-02-28,100.34,101.56,99.24,100.19,1064400,-0.15,2.32,-0.15,2.32,1.16,-1
2012-02-27,99.39,101.0,98.42,100.46,965200,1.07,2.58,1.07,2.57,1.29,-1
2012-02-24,100.57,101.76,99.7,100.52,1683200,-0.05,2.06,-0.05,2.05,1.03,1
2012-02-23,98.28,99.85,97.35,99.62,986400,1.34,2.5,1.35,2.51,1.25,1
2012-02-22,97.75,99.02,97.51,98.54,918400,0.79,1.51,0.8,1.53,0.75,1
2012-02-21,98.97,99.88,97.57,98.09,1485000,-0.88,2.31,-0.9,2.35,1.16,-1
2012-02-17,99.26,99.91,98.49,99.11,1497400,-0.15,1.42,-0.15,1.43,0.71,-1
2012-02-16,97.21,99.43,96.98,99.27,1627600,2.06,2.45,2.08,2.47,1.23,1
2012-02-15,98.08,98.94,97.0,97.52,1919200,-0.56,1.94,-0.57,1.99,0.97,1
2012-02-14,96.73,98.0,96.41,97.51,1509100,0.78,1.59,0.8,1.63,0.8,1
2012-02-13,95.36,97.0,94.87,96.73,1854300,1.37,2.13,1.42,2.2,1.06,1
2012-02-10,94.0,95.19,93.71,94.48,1065900,0.48,1.48,0.51,1.57,0.74,-1
2012-02-09,94.3,95.45,94.14,95.28,1331300,0.98,1.31,1.03,1.37,0.66,1
2012-02-08,95.27,95.55,93.4,94.21,1719500,-1.06,2.15,-1.13,2.28,1.07,-1
2012-02-07,94.39,96.3,94.26,95.55,1526300,1.16,2.04,1.21,2.14,1.02,1
2012-02-06,94.31,96.2,94.2,94.91,1322200,0.6,2.0,0.63,2.11,1.0,-1
2012-02-03,94.51,95.7,94.27,95.58,1919000,1.07,1.43,1.12,1.5,0.72,1
2012-02-02,93.13,94.88,92.75,93.77,1316800,0.64,2.13,0.68,2.27,1.06,1
2012-02-01,91.48,93.59,90.52,93.13,1875400,1.65,3.07,1.77,3.3,1.54,1
2012-01-31,91.61,92.13,90.4,91.27,1537300,-0.34,1.73,-0.37,1.9,0.86,1
2012-01-30,90.84,92.25,90.06,91.17,1346000,0.33,2.19,0.36,2.4,1.09,-1
2012-01-27,90.7,92.75,90.37,92.27,2073200,1.57,2.38,1.7,2.58,1.19,1
2012-01-26,92.51,94.5,91.61,91.93,2532600,-0.58,2.89,-0.63,3.14,1.45,-1
2012-01-25,92.78,93.34,91.2,92.15,3499600,-0.63,2.14,-0.68,2.32,1.07,-1
2012-01-24,90.32,93.44,90.0,92.66,7592400,2.34,3.44,2.53,3.71,1.72,1
2012-01-23,88.42,88.86,85.1,86.0,4835200,-2.42,3.76,-2.81,4.37,1.88,-1
2012-01-20,88.09,88.47,86.55,88.12,2414100,0.03,1.92,0.03,2.18,0.96,1
2012-01-19,87.77,88.0,86.61,87.81,2260200,0.04,1.39,0.05,1.58,0.7,1
2012-01-18,84.1,85.79,82.8,85.46,2927500,1.36,2.99,1.59,3.5,1.5,1
2012-01-17,86.45,87.0,83.51,84.0,2709600,-2.45,3.49,-2.92,4.15,1.74,-1
2012-01-13,84.89,85.56,83.25,85.46,2883400,0.57,2.31,0.67,2.7,1.16,-1
2012-01-12,87.7,88.75,87.17,87.88,2316400,0.18,1.58,0.2,1.8,0.79,-1
2012-01-11,85.42,88.2,85.3,87.92,2192700,2.5,2.9,2.84,3.3,1.45,1
2012-01-10,86.01,86.8,85.1,85.3,1763000,-0.71,1.7,-0.83,1.99,0.85,1
2012-01-09,83.45,85.17,82.94,84.95,1841200,1.5,2.23,1.77,2.63,1.12,1
2012-01-06,82.96,84.33,82.47,83.31,1922800,0.35,1.86,0.42,2.23,0.93,1
2012-01-05,81.76,82.84,81.52,82.31,2888000,0.55,1.32,0.67,1.6,0.66,1
2012-01-04,81.64,82.55,80.16,81.67,2434700,0.03,2.39,0.04,2.93,1.2,-1
2012-01-03,84.7,85.87,82.07,82.27,2633800,-2.43,3.8,-2.95,4.62,1.9,-1
2011-12-30,83.98,84.27,83.0,83.19,1151100,-0.79,1.27,-0.95,1.53,0.63,-1
2011-12-29,83.86,84.75,82.49,84.37,1468900,0.51,2.26,0.6,2.68,1.13,1
2011-12-28,85.25,85.64,83.02,83.18,1497300,-2.07,2.62,-2.49,3.15,1.31,-1
2011-12-27,84.91,87.0,84.8,85.12,2609500,0.21,2.2,0.25,2.58,1.1,1
2011-12-23,82.58,84.09,82.25,83.67,2928500,1.09,1.84,1.3,2.2,0.92,1
2011-12-22,78.75,81.76,77.71,81.16,4305500,2.41,4.05,2.97,4.99,2.03,1
2011-12-21,81.56,82.08,74.69,76.85,9576100,-4.71,7.39,-6.13,9.62,3.7,-1
2011-12-20,85.66,85.66,83.59,85.32,1636800,-0.34,2.07,-0.4,2.43,1.03,1
2011-12-19,86.12,86.59,84.06,84.34,1153100,-1.78,2.53,-2.11,3.0,1.27,-1
2011-12-16,86.22,86.43,84.7,85.82,1555700,-0.4,1.73,-0.47,2.02,0.87,1
2011-12-15,88.93,88.93,84.53,85.13,2190100,-3.8,4.4,-4.46,5.17,2.2,-1
2011-12-14,90.39,90.39,86.0,87.72,1890600,-2.67,4.39,-3.04,5.0,2.2,-1
2011-12-13,94.9,95.61,90.31,90.95,1436700,-3.95,5.3,-4.34,5.83,2.65,-1
2011-12-12,94.94,94.95,93.21,94.06,1038500,-0.88,1.74,-0.94,1.85,0.87,-1
2011-12-09,95.22,97.58,95.07,96.43,1239400,1.21,2.51,1.25,2.6,1.26,1
2011-12-08,96.73,97.0,94.9,95.04,1022600,-1.69,2.1,-1.78,2.21,1.05,-1
2011-12-07,96.7,97.42,95.05,96.96,750900,0.26,2.37,0.27,2.44,1.19,-1
2011-12-06,97.47,98.46,96.62,96.98,720100,-0.49,1.84,-0.51,1.9,0.92,-1
2011-12-05,96.99,99.0,96.16,97.09,1448200,0.1,2.84,0.1,2.93,1.42,1
2011-12-02,97.11,97.91,95.0,95.24,1099200,-1.87,2.91,-1.96,3.06,1.45,-1
2011-12-01,96.34,97.63,96.07,96.7,1063100,0.36,1.56,0.37,1.61,0.78,1
2011-11-30,94.92,97.37,94.57,96.68,1390500,1.76,2.8,1.82,2.9,1.4,1
2011-11-29,93.39,94.43,91.62,92.06,1002600,-1.33,2.81,-1.44,3.05,1.41,-1
2011-11-28,92.43,94.0,92.01,93.99,909700,1.56,1.99,1.66,2.12,0.99,1
2011-11-25,90.58,91.12,89.35,89.37,493000,-1.21,1.77,-1.35,1.98,0.89,-1
2011-11-23,91.72,92.31,89.84,90.76,1174900,-0.96,2.47,-1.06,2.72,1.23,-1
2011-11-22,94.31,95.04,91.31,92.5,1824200,-1.81,3.73,-1.96,4.03,1.87,-1
2011-11-21,92.8,95.51,91.2,94.76,2159000,1.96,4.31,2.07,4.55,2.16,1
2011-11-18,97.34,97.5,93.66,93.85,2298600,-3.49,3.84,-3.72,4.09,1.92,-1
2011-11-17,100.75,100.91,96.55,97.84,1798000,-2.91,4.36,-2.97,4.46,2.18,-1
2011-11-16,101.43,103.95,100.88,101.11,1487500,-0.32,3.07,-0.32,3.04,1.54,-1
2011-11-15,101.57,104.0,101.29,103.25,1307800,1.68,2.71,1.63,2.62,1.35,1
2011-11-14,99.76,104.38,99.75,102.59,2682800,2.83,4.63,2.76,4.51,2.31,1
2011-11-11,98.49,100.8,98.06,100.67,1568100,2.18,2.74,2.17,2.72,1.37,1
2011-11-10,98.07,98.5,95.41,97.19,1207600,-0.88,3.09,-0.91,3.18,1.55,1
2011-11-09,97.13,99.23,96.53,96.91,1606500,-0.22,2.7,-0.23,2.79,1.35,-1
2011-11-08,100.0,100.99,98.6,100.77,1050100,0.77,2.39,0.76,2.37,1.2,1
2011-11-07,99.35,100.45,97.85,99.59,1043500,0.24,2.6,0.24,2.61,1.3,-1
2011-11-04,99.24,100.82,98.55,100.32,1121300,1.08,2.27,1.08,2.26,1.13,1
2011-11-03,98.64,100.48,96.35,100.19,1397200,1.55,4.13,1.55,4.12,2.07,1
2011-11-02,97.72,98.35,96.0,97.19,1205100,-0.53,2.35,-0.55,2.42,1.17,1
2011-11-01,94.69,97.31,94.06,96.07,1778700,1.38,3.25,1.44,3.38,1.62,-1
2011-10-31,98.73,99.3,97.41,97.75,1201200,-0.98,1.89,-1.0,1.93,0.95,-1
2011-10-28,97.8,100.45,97.5,100.08,1566900,2.28,2.95,2.28,2.95,1.48,1
2011-10-27,98.56,100.45,98.22,99.4,2681600,0.84,2.23,0.85,2.24,1.12,1
2011-10-26,96.67,97.37,94.0,96.73,1808600,0.06,3.37,0.06,3.48,1.69,1
2011-10-25,96.12,97.7,95.55,95.7,1140100,-0.42,2.15,-0.44,2.25,1.08,-1
2011-10-24,95.21,98.0,95.11,97.69,1425700,2.48,2.89,2.54,2.96,1.45,1
2011-10-21,96.26,97.26,94.51,95.82,1952100,-0.44,2.75,-0.46,2.87,1.38,1
2011-10-20,93.5,96.49,92.76,95.19,2420900,1.69,3.73,1.78,3.92,1.86,1
2011-10-19,94.37,96.5,93.3,93.8,2938000,-0.57,3.2,-0.61,3.41,1.6,-1
2011-10-18,91.38,97.67,88.85,96.86,7760100,5.48,8.82,5.66,9.11,4.41,1
2011-10-17,93.05,94.43,88.69,89.52,4394100,-3.53,5.74,-3.94,6.41,2.87,-1
2011-10-14,92.0,94.26,91.76,93.08,1981900,1.08,2.5,1.16,2.69,1.25,1
2011-10-13,89.3,90.95,88.85,90.61,1425700,1.31,2.1,1.45,2.32,1.05,1
2011-10-12,90.89,91.69,88.03,89.38,2452500,-1.51,3.66,-1.69,4.09,1.83,-1
2011-10-11,87.97,90.75,87.25,90.28,1663000,2.31,3.5,2.56,3.88,1.75,1
2011-10-10,89.96,91.0,88.05,89.65,1260300,-0.31,2.95,-0.35,3.29,1.48,1
2011-10-07,89.23,90.0,86.76,87.67,1735700,-1.56,3.24,-1.78,3.7,1.62,-1
2011-10-06,85.82,89.24,84.7,89.16,2075800,3.34,4.54,3.75,5.09,2.27,1
2011-10-05,81.55,86.08,81.01,85.43,2343400,3.88,5.07,4.54,5.93,2.53,1
2011-10-04,77.65,81.92,77.5,81.55,3200000,3.9,4.42,4.78,5.42,2.21,1
2011-10-03,79.53,81.27,78.51,78.89,2848800,-0.64,2.76,-0.81,3.5,1.38,-1
2011-09-30,81.54,83.55,80.0,80.38,1876900,-1.16,3.55,-1.44,4.42,1.77,-1
2011-09-29,85.85,86.24,81.0,83.06,2022900,-2.79,5.24,-3.36,6.31,2.62,-1
2011-09-28,86.65,86.95,84.17,84.22,2290800,-2.43,2.78,-2.89,3.3,1.39,-1
2011-09-27,90.24,91.24,86.16,86.47,2432900,-3.77,5.08,-4.36,5.87,2.54,-1
2011-09-26,85.79,88.14,83.5,88.12,2325700,2.33,4.64,2.64,5.27,2.32,1
2011-09-23,82.59,85.83,82.42,85.6,1666000,3.01,3.41,3.52,3.98,1.7,1
2011-09-22,84.53,86.12,81.68,83.0,3166500,-1.53,4.44,-1.84,5.35,2.22,-1
2011-09-21,88.89,92.0,88.05,88.14,1874200,-0.75,3.95,-0.85,4.48,1.98,-1
2011-09-20,92.99,93.33,88.54,88.81,2330300,-4.18,4.79,-4.71,5.39,2.39,-1
2011-09-19,91.31,92.16,89.0,91.8,1986900,0.49,3.16,0.53,3.44,1.58,-1
2011-09-16,94.62,94.89,92.37,93.59,1520900,-1.03,2.52,-1.1,2.69,1.26,-1
2011-09-15,94.71,94.74,91.91,94.7,1936000,-0.01,2.83,-0.01,2.99,1.41,1
2011-09-14,91.23,95.06,90.75,93.48,2525100,2.25,4.31,2.41,4.61,2.16,1
2011-09-13,89.9,91.34,89.0,90.91,1570900,1.01,2.34,1.11,2.57,1.17,1
2011-09-12,86.23,89.95,86.03,89.91,1640600,3.68,3.92,4.09,4.36,1.96,1
2011-09-09,89.62,89.96,86.71,87.99,2319900,-1.63,3.25,-1.85,3.69,1.62,-1
2011-09-08,90.55,93.45,89.81,90.36,1778500,-0.19,3.64,-0.21,4.03,1.82,-1
2011-09-07,90.37,92.09,88.8,92.03,2270500,1.66,3.29,1.8,3.57,1.65,1
2011-09-06,84.44,88.54,84.16,88.27,2012100,3.83,4.38,4.34,4.96,2.19,1
2011-09-02,89.93,90.31,87.34,88.08,2368600,-1.85,2.97,-2.1,3.37,1.48,-1
2011-09-01,93.43,94.83,91.72,92.18,2535200,-1.25,3.11,-1.36,3.37,1.55,-1
2011-08-31,92.37,95.55,92.37,94.36,4587200,1.99,3.18,2.11,3.37,1.59,1
2011-08-30,88.2,91.88,88.01,90.71,3605700,2.51,3.87,2.77,4.27,1.93,1
2011-08-29,85.98,88.52,85.74,88.5,2541400,2.52,2.78,2.85,3.14,1.39,1
2011-08-26,80.89,84.96,80.09,84.77,2985600,3.88,4.87,4.58,5.74,2.43,1
2011-08-25,82.55,83.63,79.95,80.18,2348400,-2.37,3.68,-2.96,4.59,1.84,-1
2011-08-24,81.75,83.11,79.87,83.05,2040900,1.3,3.24,1.57,3.9,1.62,1
2011-08-23,78.74,82.0,77.74,82.0,3312300,3.26,4.26,3.98,5.2,2.13,1
2011-08-22,79.54,79.89,77.38,77.83,2602700,-1.71,2.51,-2.2,3.22,1.26,1
2011-08-19,78.34,81.68,76.7,76.76,3804900,-1.58,4.98,-2.06,6.49,2.49,-1
2011-08-18,83.48,83.93,76.76,79.17,7583900,-4.31,7.17,-5.44,9.06,3.59,-1
2011-08-17,92.09,92.3,86.72,88.18,3728000,-3.91,5.58,-4.43,6.33,2.79,-1
2011-08-16,94.55,94.87,90.68,92.32,2628400,-2.23,4.19,-2.42,4.54,2.09,-1
2011-08-15,93.52,94.85,92.64,94.68,3109500,1.16,2.21,1.23,2.33,1.1,1
2011-08-12,91.27,91.59,88.46,90.66,2662900,-0.61,3.13,-0.67,3.45,1.57,1
2011-08-11,86.73,91.22,85.82,90.25,3001100,3.52,5.4,3.9,5.98,2.7,1
2011-08-10,86.42,88.92,85.28,85.31,3932600,-1.11,3.64,-1.3,4.27,1.82,-1
2011-08-09,85.61,88.21,81.91,88.17,4158300,2.56,6.3,2.9,7.15,3.15,1
2011-08-08,80.37,85.98,79.0,83.96,7550900,3.59,6.98,4.28,8.31,3.49,-1
2011-08-05,90.61,91.24,85.0,87.28,4809000,-3.33,6.24,-3.82,7.15,3.12,-1
2011-08-04,95.09,95.09,88.78,88.88,4213700,-6.21,6.31,-6.99,7.1,3.16,-1
2011-08-03,95.77,97.13,92.93,97.0,2925600,1.23,4.2,1.27,4.33,2.1,1
2011-08-02,99.28,99.35,95.01,95.07,3045300,-4.21,4.34,-4.43,4.57,2.17,-1
2011-08-01,102.3,102.59,98.0,99.95,2153400,-2.35,4.59,-2.35,4.59,2.3,-1
2011-07-29,100.23,101.3,98.8,100.34,1879700,0.11,2.5,0.11,2.49,1.25,-1
2011-07-28,101.15,103.31,100.0,101.5,1762100,0.35,3.31,0.34,3.26,1.66,1
2011-07-27,105.02,105.04,100.82,100.91,2550000,-4.11,4.22,-4.07,4.18,2.11,-1
2011-07-26,107.11,107.59,104.62,106.11,3465600,-1.0,2.97,-0.94,2.8,1.48,-1
2011-07-25,104.65,108.12,104.51,107.75,2147100,3.1,3.61,2.88,3.35,1.8,1
2011-07-22,104.41,107.45,103.58,106.72,1802500,2.31,3.87,2.16,3.63,1.94,1
2011-07-21,103.91,106.83,102.83,104.9,3166700,0.99,4.0,0.94,3.81,2.0,-1
2011-07-20,109.71,111.43,105.06,105.91,5931200,-3.8,6.37,-3.59,6.01,3.19,-1
2011-07-19,103.37,106.21,102.5,106.02,5244200,2.65,3.71,2.5,3.5,1.85,1
2011-07-18,101.84,103.5,100.54,100.78,2125900,-1.06,2.96,-1.05,2.94,1.48,-1
2011-07-15,102.0,102.67,100.4,102.67,2229500,0.67,2.27,0.65,2.21,1.13,1
2011-07-14,101.32,103.42,99.52,100.55,2590800,-0.77,3.9,-0.77,3.88,1.95,1
2011-07-13,102.11,103.67,100.16,100.28,2231600,-1.83,3.51,-1.82,3.5,1.76,-1
2011-07-12,103.03,103.24,99.8,100.4,3133400,-2.63,3.44,-2.62,3.43,1.72,-1
2011-07-11,103.19,104.79,100.91,102.13,2187600,-1.06,3.88,-1.04,3.8,1.94,-1
2011-07-08,101.74,105.09,101.39,105.0,2643700,3.26,3.7,3.1,3.52,1.85,1
2011-07-07,104.85,105.47,101.68,102.98,3112700,-1.87,3.79,-1.82,3.68,1.89,-1
2011-07-06,100.96,104.29,100.25,103.93,2737000,2.97,4.04,2.86,3.89,2.02,1
2011-07-05,100.0,101.3,99.18,101.27,1903700,1.27,2.12,1.25,2.09,1.06,1
2011-07-01,100.03,100.34,98.1,99.9,2416200,-0.13,2.24,-0.13,2.24,1.12,-1
2011-06-30,97.25,101.1,97.02,100.23,2388300,2.98,4.08,2.97,4.07,2.04,1
2011-06-29,97.55,97.67,95.9,96.82,1751600,-0.73,1.77,-0.75,1.83,0.88,-1
2011-06-28,97.53,99.99,96.75,97.18,2134500,-0.35,3.24,-0.36,3.33,1.62,-1
2011-06-27,94.06,97.99,93.08,97.6,1843800,3.54,4.91,3.63,5.03,2.45,1
2011-06-24,95.35,95.91,93.65,94.24,1632700,-1.11,2.26,-1.18,2.4,1.13,-1
2011-06-23,92.79,96.02,92.33,95.96,2206100,3.17,3.69,3.3,3.85,1.84,1
2011-06-22,94.3,96.34,94.03,94.27,1446900,-0.03,2.31,-0.03,2.45,1.16,-1
2011-06-21,91.8,94.63,91.22,94.52,1373700,2.72,3.41,2.88,3.61,1.7,1
2011-06-20,90.37,91.74,90.07,91.05,1051900,0.68,1.67,0.75,1.83,0.84,1
2011-06-17,91.77,92.52,90.42,90.79,1604700,-0.98,2.1,-1.08,2.31,1.05,1
2011-06-16,91.31,91.84,88.76,90.46,2071800,-0.85,3.08,-0.94,3.4,1.54,-1
2011-06-15,93.81,95.17,91.16,91.31,2244000,-2.5,4.01,-2.74,4.39,2.01,-1
2011-06-14,93.9,96.52,93.65,94.91,1687100,1.01,2.87,1.06,3.02,1.43,1
2011-06-13,93.37,94.77,92.26,92.82,1270200,-0.55,2.51,-0.59,2.7,1.25,-1
2011-06-10,94.24,95.41,93.0,93.46,1631400,-0.78,2.41,-0.83,2.58,1.2,-1
2011-06-09,92.85,95.06,92.72,94.6,1868200,1.75,2.34,1.85,2.47,1.17,1
2011-06-08,93.64,94.04,91.26,92.31,2052600,-1.33,2.78,-1.44,3.01,1.39,-1
2011-06-07,93.44,95.0,92.08,94.14,1732600,0.7,2.92,0.74,3.1,1.46,1
2011-06-06,94.5,95.9,92.82,93.15,1660600,-1.35,3.08,-1.45,3.31,1.54,-1
2011-06-03,96.0,97.81,94.26,94.99,2262200,-1.01,3.55,-1.06,3.74,1.77,-1
2011-06-02,96.18,98.49,95.46,97.71,2351200,1.53,3.03,1.57,3.1,1.52,1
2011-06-01,97.09,102.74,95.75,95.92,6024200,-1.17,6.99,-1.22,7.29,3.49,-1
2011-05-31,98.36,98.71,96.2,97.32,1812500,-1.04,2.51,-1.07,2.58,1.25,1
2011-05-27,98.44,98.55,96.29,97.3,1535100,-1.14,2.26,-1.17,2.32,1.13,-1
2011-05-26,96.9,98.68,96.15,97.87,1787000,0.97,2.53,0.99,2.59,1.27,1
2011-05-25,94.31,97.46,93.88,96.96,2136400,2.65,3.58,2.73,3.69,1.79,1
2011-05-24,94.85,95.73,94.11,94.65,1678800,-0.2,1.62,-0.21,1.71,0.81,1
2011-05-23,93.78,94.48,92.66,93.85,1428700,0.07,1.82,0.07,1.94,0.91,-1
2011-05-20,95.09,96.86,94.5,95.57,2769400,0.48,2.36,0.5,2.47,1.18,1
2011-05-19,93.07,94.14,92.09,93.89,1444800,0.82,2.05,0.87,2.18,1.02,1
2011-05-18,90.92,93.79,90.25,92.83,1743800,1.91,3.54,2.06,3.81,1.77,1
2011-05-17,89.07,91.64,88.67,90.76,1746300,1.69,2.97,1.86,3.27,1.48,1
2011-05-16,92.97,93.5,89.14,89.45,2145800,-3.52,4.36,-3.94,4.87,2.18,-1
2011-05-13,94.75,96.0,93.75,93.94,1419600,-0.81,2.25,-0.86,2.4,1.12,-1
2011-05-12,92.43,95.1,91.75,94.91,1973600,2.48,3.35,2.61,3.53,1.67,1
2011-05-11,93.1,93.74,91.66,92.64,1373300,-0.46,2.08,-0.5,2.25,1.04,-1
2011-05-10,93.84,94.13,92.5,93.09,1339300,-0.75,1.63,-0.81,1.75,0.81,-1
2011-05-09,92.77,94.04,92.0,93.47,1526700,0.7,2.04,0.75,2.18,1.02,1
2011-05-06,92.52,94.05,91.86,92.98,1387900,0.46,2.19,0.49,2.36,1.09,1
2011-05-05,90.86,93.9,90.86,91.64,1744800,0.78,3.04,0.85,3.32,1.52,-1
2011-05-04,91.36,93.04,89.23,91.81,2457600,0.45,3.81,0.49,4.15,1.91,1
2011-05-03,93.3,93.48,90.13,91.48,2592500,-1.82,3.35,-1.99,3.66,1.68,-1
2011-05-02,95.75,96.39,92.72,93.31,2229600,-2.44,3.67,-2.61,3.93,1.84,-1
2011-04-29,95.79,96.1,95.01,95.43,1600000,-0.36,1.09,-0.38,1.14,0.54,-1
2011-04-28,95.26,96.91,94.15,95.77,1950500,0.51,2.76,0.53,2.88,1.38,1
2011-04-27,95.68,96.13,93.3,95.67,2184100,-0.01,2.83,-0.01,2.96,1.41,1
2011-04-26,98.0,98.28,94.25,95.26,2500000,-2.74,4.03,-2.88,4.23,2.02,-1
2011-04-25,96.22,99.19,96.0,97.85,2986200,1.63,3.19,1.67,3.26,1.59,1
2011-04-21,95.89,97.79,95.43,96.81,4409600,0.92,2.36,0.95,2.44,1.18,-1
2011-04-20,95.04,98.85,92.0,97.9,13585700,2.86,6.85,2.92,7.0,3.42,1
2011-04-19,86.58,86.95,84.06,85.97,4053500,-0.61,2.89,-0.71,3.36,1.45,-1
2011-04-18,84.56,86.76,84.33,86.5,2695600,1.94,2.43,2.24,2.81,1.22,1
2011-04-15,86.05,87.09,85.5,85.99,2103900,-0.06,1.59,-0.07,1.85,0.8,-1
2011-04-14,86.57,87.35,85.42,86.35,2452400,-0.22,1.93,-0.25,2.24,0.96,-1
2011-04-13,85.64,87.8,85.31,87.29,3841600,1.65,2.49,1.89,2.85,1.24,1
2011-04-12,82.51,84.95,81.3,84.91,3366300,2.4,3.65,2.83,4.3,1.83,1
2011-04-11,82.82,84.07,82.41,82.9,2213900,0.08,1.66,0.1,2.0,0.83,1
2011-04-08,80.95,83.38,80.6,82.77,4222900,1.82,2.78,2.2,3.36,1.39,1
2011-04-07,78.87,80.7,78.68,80.58,1919600,1.71,2.02,2.12,2.51,1.01,1
2011-04-06,79.0,79.49,77.76,79.08,1994200,0.08,1.73,0.1,2.19,0.86,1
2011-04-05,78.58,79.59,77.82,78.54,2497800,-0.04,1.77,-0.05,2.25,0.89,-1
2011-04-04,81.4,81.5,78.5,78.89,2749800,-2.51,3.0,-3.18,3.8,1.5,-1
2011-04-01,81.93,82.67,81.11,81.25,2776500,-0.68,1.56,-0.84,1.92,0.78,-1
2011-03-31,82.13,82.49,81.15,81.54,1799000,-0.59,1.34,-0.72,1.64,0.67,-1
2011-03-30,81.41,82.64,80.33,82.48,2488600,1.07,2.31,1.3,2.8,1.16,1
2011-03-29,78.5,80.29,77.96,80.18,1515900,1.68,2.33,2.1,2.91,1.17,1
2011-03-28,81.1,81.33,78.71,78.84,1944100,-2.26,2.62,-2.87,3.32,1.31,-1
2011-03-25,81.84,81.95,80.18,81.04,2491700,-0.8,1.77,-0.99,2.18,0.88,-1
2011-03-24,78.21,81.65,78.08,81.43,3543800,3.22,3.57,3.95,4.38,1.79,1
2011-03-23,76.69,77.13,75.56,76.74,1641100,0.05,1.57,0.07,2.05,0.78,-1
2011-03-22,78.03,78.25,76.01,76.75,2229000,-1.28,2.24,-1.67,2.92,1.12,1
2011-03-21,75.65,77.47,74.1,76.45,2114400,0.8,3.37,1.05,4.41,1.69,1
2011-03-18,77.91,77.91,74.04,74.81,4007200,-3.1,3.87,-4.14,5.17,1.93,-1
2011-03-17,79.39,79.39,76.86,77.02,2102000,-2.37,2.53,-3.08,3.28,1.27,-1
2011-03-16,78.75,80.08,77.23,78.0,2349400,-0.75,2.85,-0.96,3.65,1.42,-1
2011-03-15,77.67,79.79,76.6,78.75,2226800,1.08,3.19,1.37,4.05,1.6,-1
2011-03-14,81.92,83.07,79.81,80.47,2569400,-1.45,3.26,-1.8,4.05,1.63,-1
2011-03-11,81.66,83.37,81.5,83.02,1066200,1.36,1.87,1.64,2.25,0.94,1
2011-03-10,82.9,83.03,80.43,82.28,2169300,-0.62,2.6,-0.75,3.16,1.3,-1
2011-03-09,82.29,85.06,82.11,84.3,1944200,2.01,2.95,2.38,3.5,1.48,1
2011-03-08,82.3,83.48,81.88,82.63,1521000,0.33,1.6,0.4,1.94,0.8,1
2011-03-07,85.21,86.09,81.75,82.3,2244500,-2.91,4.34,-3.54,5.27,2.17,-1
2011-03-04,85.35,85.79,84.0,85.2,1534500,-0.15,1.79,-0.18,2.1,0.9,-1
2011-03-03,84.32,85.56,84.18,85.2,1721100,0.88,1.38,1.03,1.62,0.69,1
2011-03-02,81.53,84.3,81.33,83.32,1935400,1.79,2.97,2.15,3.56,1.48,1
2011-03-01,83.77,83.87,81.13,81.67,2340100,-2.1,2.74,-2.57,3.35,1.37,-1
2011-02-28,86.23,86.29,83.0,83.65,2353400,-2.58,3.29,-3.08,3.93,1.65,-1
2011-02-25,86.12,87.3,84.87,85.59,1637700,-0.53,2.43,-0.62,2.84,1.21,1
2011-02-24,82.37,85.89,82.08,84.62,1593500,2.25,3.81,2.66,4.5,1.91,1
2011-02-23,84.24,84.49,81.35,82.72,3045000,-1.52,3.14,-1.84,3.8,1.57,-1
2011-02-22,87.87,87.87,84.23,84.53,2406200,-3.34,3.64,-3.95,4.31,1.82,-1
2011-02-18,89.95,90.14,88.45,88.74,1535400,-1.21,1.69,-1.36,1.9,0.84,-1
2011-02-17,90.4,91.0,89.63,89.85,1652200,-0.55,1.37,-0.61,1.52,0.69,-1
2011-02-16,89.43,90.77,87.78,90.76,2407100,1.33,2.99,1.47,3.29,1.49,1
2011-02-15,90.72,91.68,88.3,88.87,1903100,-1.85,3.38,-2.08,3.8,1.69,-1
2011-02-14,89.11,91.0,89.06,90.87,1463900,1.76,1.94,1.94,2.13,0.97,1
2011-02-11,89.44,90.49,88.91,89.06,1415100,-0.38,1.58,-0.43,1.77,0.79,-1
2011-02-10,87.65,90.05,87.5,89.8,1595200,2.15,2.55,2.39,2.84,1.27,1
2011-02-09,87.77,89.34,87.3,88.59,1664000,0.82,2.04,0.93,2.3,1.02,1
2011-02-08,87.69,88.37,87.48,88.0,2722400,0.31,0.89,0.35,1.01,0.45,-1
2011-02-07,88.93,90.54,88.6,88.66,1599500,-0.27,1.94,-0.3,2.19,0.97,1
2011-02-04,88.72,89.0,87.39,88.5,1197300,-0.22,1.61,-0.25,1.82,0.8,-1
2011-02-03,88.83,89.64,87.12,88.53,1265300,-0.3,2.52,-0.34,2.85,1.26,-1
2011-02-02,86.79,89.55,86.46,88.82,1876200,2.03,3.09,2.29,3.48,1.55,1
2011-02-01,85.93,87.51,85.76,86.71,1785600,0.78,1.75,0.9,2.02,0.88,1
2011-01-31,86.37,86.37,84.65,85.52,1384400,-0.85,1.72,-0.99,2.01,0.86,-1
2011-01-28,87.2,88.36,84.12,85.79,2192600,-1.41,4.24,-1.64,4.94,2.12,-1
2011-01-27,86.03,87.95,85.74,86.34,2414200,0.31,2.21,0.36,2.56,1.11,1
2011-01-26,84.43,86.2,84.37,85.56,2141200,1.13,1.83,1.32,2.14,0.91,1
2011-01-25,84.0,85.37,82.12,84.28,9361300,0.28,3.25,0.33,3.86,1.62,-1
2011-01-24,90.72,90.82,87.56,87.73,6300900,-2.99,3.26,-3.41,3.72,1.63,-1
2011-01-21,90.08,91.08,89.04,90.66,3004100,0.58,2.04,0.64,2.25,1.02,1
2011-01-20,88.88,89.8,85.91,89.31,3640000,0.43,3.89,0.48,4.36,1.95,-1
2011-01-19,96.46,97.1,92.42,92.86,2312400,-3.6,4.68,-3.88,5.04,2.34,-1
2011-01-18,96.68,97.61,96.03,96.79,1139600,0.11,1.58,0.11,1.63,0.79,-1
2011-01-14,95.82,97.3,95.67,97.0,1954200,1.18,1.63,1.22,1.68,0.81,1
2011-01-13,95.41,96.0,94.5,95.5,2036300,0.09,1.5,0.09,1.57,0.75,1
2011-01-12,96.26,96.26,94.79,95.16,1341200,-1.1,1.47,-1.16,1.54,0.73,-1
2011-01-11,96.19,96.5,94.6,95.69,1247600,-0.5,1.9,-0.52,1.99,0.95,-1
2011-01-10,93.65,96.0,93.65,95.7,1465800,2.05,2.35,2.14,2.46,1.17,1
2011-01-07,94.5,95.44,92.68,94.79,2116400,0.29,2.76,0.31,2.91,1.38,1
2011-01-06,94.49,95.1,93.26,94.54,1320200,0.05,1.84,0.05,1.95,0.92,1
2011-01-05,92.39,95.4,92.14,94.41,1858800,2.02,3.26,2.14,3.45,1.63,1
2011-01-04,93.44,93.78,90.55,93.17,1763300,-0.27,3.23,-0.29,3.47,1.62,1
2011-01-03,89.5,94.19,89.5,92.97,2549300,3.47,4.69,3.73,5.04,2.34,1
2010-12-31,89.92,89.92,88.23,88.91,842900,-1.01,1.69,-1.14,1.9,0.84,-1
2010-12-30,89.4,90.65,89.29,89.75,758400,0.35,1.36,0.39,1.52,0.68,-1
2010-12-29,90.29,90.57,89.27,89.8,778200,-0.49,1.3,-0.55,1.45,0.65,-1
2010-12-28,90.93,91.9,89.1,90.16,1310200,-0.77,2.8,-0.85,3.11,1.4,-1
2010-12-27,88.5,91.5,88.05,91.02,1653200,2.52,3.45,2.77,3.79,1.73,1
2010-12-23,88.12,89.0,88.0,88.95,835200,0.83,1.0,0.93,1.12,0.5,1
2010-12-22,89.08,89.11,87.56,88.38,889300,-0.7,1.55,-0.79,1.75,0.77,-1
2010-12-21,88.7,89.55,88.0,89.12,1286000,0.42,1.55,0.47,1.74,0.77,1
2010-12-20,89.53,89.53,87.3,88.69,1216900,-0.84,2.23,-0.95,2.51,1.12,-1
2010-12-17,88.27,89.47,87.9,88.7,1801200,0.43,1.57,0.48,1.77,0.78,1
2010-12-16,85.99,88.4,85.63,88.01,1509400,2.02,2.77,2.3,3.15,1.39,1
2010-12-15,87.35,88.49,84.62,86.12,2973400,-1.23,3.87,-1.43,4.49,1.93,-1
2010-12-14,89.48,90.28,87.43,87.57,2862800,-1.91,2.85,-2.18,3.25,1.42,-1
2010-12-13,89.31,91.95,89.11,89.58,3327400,0.27,2.84,0.3,3.17,1.42,1
2010-12-10,88.14,89.08,87.86,88.8,2117100,0.66,1.22,0.74,1.37,0.61,1
2010-12-09,87.92,88.89,86.94,87.83,2705400,-0.09,1.95,-0.1,2.22,0.98,1
2010-12-08,84.57,87.85,84.53,87.76,3070400,3.19,3.32,3.63,3.78,1.66,1
2010-12-07,86.4,87.0,84.6,84.74,2435000,-1.66,2.4,-1.96,2.83,1.2,-1
2010-12-06,85.25,86.32,84.22,86.05,2182800,0.8,2.1,0.93,2.44,1.05,1
2010-12-03,83.91,85.99,83.85,85.76,2197800,1.85,2.14,2.16,2.5,1.07,1
2010-12-02,84.3,85.0,83.8,84.83,2603600,0.53,1.2,0.62,1.41,0.6,1
2010-12-01,82.54,84.74,82.36,83.96,3325700,1.42,2.38,1.69,2.83,1.19,1
2010-11-30,80.04,82.0,79.19,81.52,2422400,1.48,2.81,1.82,3.45,1.41,1
2010-11-29,80.76,81.57,79.61,81.37,2032300,0.61,1.96,0.75,2.41,0.98,1
2010-11-26,81.0,81.75,80.27,81.12,775900,0.12,1.48,0.15,1.82,0.74,-1
2010-11-24,80.62,82.07,79.52,81.61,1823600,0.99,2.55,1.21,3.12,1.27,1
2010-11-23,80.83,81.83,78.86,79.09,2317400,-1.74,2.97,-2.2,3.76,1.48,-1
2010-11-22,80.98,82.43,80.5,82.14,2247100,1.16,1.93,1.41,2.35,0.97,1
2010-11-19,79.7,80.99,79.08,80.9,3205500,1.2,1.91,1.48,2.36,0.95,1
2010-11-18,77.11,79.65,76.96,78.95,2700400,1.84,2.69,2.33,3.41,1.35,1
2010-11-17,76.51,77.65,74.06,75.51,3289400,-1.0,3.59,-1.32,4.75,1.8,-1
2010-11-16,78.03,78.95,75.87,76.62,2479100,-1.41,3.08,-1.84,4.02,1.54,-1
2010-11-15,81.11,81.22,78.04,78.74,2798200,-2.37,3.18,-3.01,4.04,1.59,-1
2010-11-12,82.25,84.03,80.5,80.99,2064100,-1.26,3.53,-1.56,4.36,1.77,-1
2010-11-11,80.09,83.27,80.0,83.27,2896700,3.18,3.27,3.82,3.93,1.63,1
2010-11-10,80.44,83.27,79.32,83.15,3008200,2.71,3.95,3.26,4.75,1.98,1
2010-11-09,80.66,81.69,79.75,80.8,2827200,0.14,1.94,0.17,2.4,0.97,1
2010-11-08,78.33,81.35,77.94,80.34,3433500,2.01,3.41,2.5,4.24,1.7,1
2010-11-05,77.7,78.33,76.35,77.5,1689000,-0.2,1.98,-0.26,2.55,0.99,1
2010-11-04,79.68,80.45,76.75,77.28,3775100,-2.4,3.7,-3.11,4.79,1.85,-1
2010-11-03,78.02,78.78,76.21,78.74,2398900,0.72,2.57,0.91,3.26,1.29,1
2010-11-02,77.31,78.42,76.92,77.66,2247800,0.35,1.5,0.45,1.93,0.75,1
2010-11-01,77.26,77.64,75.82,76.63,1998600,-0.63,1.82,-0.82,2.38,0.91,1
2010-10-29,76.5,77.77,76.25,76.46,1944100,-0.04,1.52,-0.05,1.99,0.76,-1
2010-10-28,78.91,79.0,75.41,76.57,2348700,-2.34,3.59,-3.06,4.69,1.8,-1
2010-10-27,75.96,78.61,75.75,78.25,3925500,2.29,2.86,2.93,3.65,1.43,1
2010-10-26,77.01,77.01,75.24,75.42,2725300,-1.59,1.77,-2.11,2.35,0.89,-1
2010-10-25,76.43,78.49,76.05,77.24,2944000,0.81,2.44,1.05,3.16,1.22,1
2010-10-22,75.71,76.0,73.7,75.9,2746000,0.19,2.3,0.25,3.03,1.15,1
2010-10-21,73.69,75.74,73.64,75.42,3279700,1.73,2.1,2.29,2.78,1.05,1
2010-10-20,73.73,74.81,73.15,73.39,3966200,-0.34,1.66,-0.46,2.26,0.83,1
2010-10-19,73.3,75.06,71.04,73.12,10544800,-0.18,4.02,-0.25,5.5,2.01,-1
2010-10-18,79.12,79.12,76.16,78.35,6683500,-0.77,2.96,-0.98,3.78,1.48,1
2010-10-15,80.44,80.63,76.95,77.63,4274800,-2.81,3.68,-3.62,4.74,1.84,-1
2010-10-14,79.81,82.03,78.9,80.15,4942900,0.34,3.13,0.42,3.91,1.56,1
2010-10-13,78.99,79.23,77.13,78.24,3494200,-0.75,2.1,-0.96,2.68,1.05,1
2010-10-12,74.81,78.47,73.76,77.92,4076400,3.11,4.71,3.99,6.04,2.35,1
2010-10-11,79.19,79.5,75.29,75.4,4627100,-3.79,4.21,-5.03,5.58,2.1,-1
2010-10-08,77.26,79.5,75.58,79.19,4109300,1.93,3.92,2.44,4.95,1.96,1
2010-10-07,77.68,77.68,73.25,77.39,8335000,-0.29,4.43,-0.37,5.72,2.22,-1
2010-10-06,85.01,85.43,76.13,77.56,9939300,-7.45,9.3,-9.61,11.99,4.65,-1
2010-10-05,83.66,85.45,83.0,85.22,2628300,1.56,2.45,1.83,2.87,1.23,1
2010-10-04,85.47,85.47,81.76,82.43,4038600,-3.04,3.71,-3.69,4.5,1.85,-1
2010-10-01,85.6,86.37,84.49,85.51,1917900,-0.09,1.88,-0.11,2.2,0.94,1
2010-09-30,88.39,88.4,84.61,84.94,3074600,-3.45,3.79,-4.06,4.46,1.9,-1
2010-09-29,87.6,88.86,86.91,87.8,1641800,0.2,1.95,0.23,2.22,0.98,1
2010-09-28,88.37,88.63,86.07,87.7,2041800,-0.67,2.56,-0.76,2.92,1.28,1
2010-09-27,88.24,89.03,87.26,87.51,2372100,-0.73,1.77,-0.83,2.02,0.88,-1
2010-09-24,86.23,89.18,86.18,87.72,3347000,1.49,3.0,1.7,3.42,1.5,1
2010-09-23,85.79,87.86,85.22,85.4,2432200,-0.39,2.64,-0.46,3.09,1.32,-1
2010-09-22,86.4,87.44,85.1,86.51,2516700,0.11,2.34,0.13,2.7,1.17,1
2010-09-21,87.87,87.91,86.0,86.46,1920300,-1.41,1.91,-1.63,2.21,0.95,-1
2010-09-20,85.68,87.65,85.07,87.43,2781400,1.75,2.58,2.0,2.95,1.29,1
2010-09-17,85.26,85.49,83.9,84.81,2435600,-0.45,1.59,-0.53,1.87,0.79,1
2010-09-16,85.69,85.96,84.32,84.76,2350900,-0.93,1.64,-1.1,1.93,0.82,-1
2010-09-15,86.03,86.54,85.36,85.75,1741500,-0.28,1.18,-0.33,1.38,0.59,-1
2010-09-14,83.3,87.16,83.11,86.44,3066100,3.14,4.05,3.63,4.69,2.02,1
2010-09-13,84.47,85.72,83.75,84.2,3382100,-0.27,1.97,-0.32,2.34,0.98,-1
2010-09-10,84.96,85.77,83.81,84.9,1764700,-0.06,1.96,-0.07,2.31,0.98,1
2010-09-09,84.98,85.99,84.16,84.54,3317500,-0.44,1.83,-0.52,2.16,0.91,1
2010-09-08,83.24,84.75,82.97,84.23,1910400,0.99,1.78,1.18,2.11,0.89,1
2010-09-07,83.76,84.6,82.76,82.93,1901900,-0.83,1.84,-1.0,2.22,0.92,-1
2010-09-03,83.27,84.94,82.8,84.43,2642900,1.16,2.14,1.37,2.53,1.07,1
2010-09-02,81.53,83.6,81.06,82.75,2493100,1.22,2.54,1.47,3.07,1.27,1
2010-09-01,80.13,81.71,80.13,81.58,2793600,1.45,1.58,1.78,1.94,0.79,1
2010-08-31,78.5,79.37,77.31,78.42,2614900,-0.08,2.06,-0.1,2.63,1.03,1
2010-08-30,78.86,81.09,78.25,78.36,2449400,-0.5,2.84,-0.64,3.62,1.42,-1
2010-08-27,78.69,79.49,76.85,79.27,2350900,0.58,2.64,0.73,3.33,1.32,1
2010-08-26,78.4,79.99,77.76,78.15,2640200,-0.25,2.23,-0.32,2.85,1.11,1
2010-08-25,78.24,78.77,76.1,77.72,3080700,-0.52,2.67,-0.67,3.44,1.34,-1
2010-08-24,79.42,80.7,78.41,79.17,3165500,-0.25,2.29,-0.32,2.89,1.15,-1
2010-08-23,82.19,83.63,80.82,81.35,3018700,-0.84,2.81,-1.03,3.45,1.41,-1
2010-08-20,78.45,81.95,78.06,81.79,4632300,3.34,3.89,4.08,4.76,1.95,1
2010-08-19,78.05,79.28,77.67,78.06,2875800,0.01,1.61,0.01,2.06,0.8,1
2010-08-18,78.39,79.0,77.25,77.97,2442200,-0.42,1.75,-0.54,2.24,0.88,-1
2010-08-17,78.11,79.3,77.61,78.07,2404100,-0.04,1.69,-0.05,2.16,0.84,1
2010-08-16,76.89,77.5,76.32,77.16,2143000,0.27,1.18,0.35,1.53,0.59,1
2010-08-13,74.34,77.11,74.34,76.38,3057500,2.04,2.77,2.67,3.63,1.38,1
2010-08-12,72.69,75.82,71.6,74.07,4920100,1.38,4.22,1.86,5.7,2.11,-1
2010-08-11,79.17,79.19,75.2,76.93,3070900,-2.24,3.99,-2.91,5.19,1.99,-1
2010-08-10,80.55,80.63,78.9,80.12,1948300,-0.43,1.73,-0.54,2.16,0.86,-1
2010-08-09,80.97,81.41,80.33,81.16,1539000,0.19,1.08,0.23,1.33,0.54,1
2010-08-06,80.0,81.44,79.0,80.43,1534600,0.43,2.44,0.53,3.03,1.22,-1
2010-08-05,80.82,81.67,80.4,80.88,1874600,0.06,1.27,0.07,1.57,0.63,-1
2010-08-04,79.74,82.18,79.56,81.91,2780100,2.17,2.62,2.65,3.2,1.31,1
2010-08-03,79.75,79.84,78.51,79.25,1856100,-0.5,1.33,-0.63,1.68,0.66,-1
2010-08-02,78.52,79.53,77.87,79.29,2089200,0.77,1.66,0.97,2.09,0.83,1
2010-07-30,75.67,78.09,74.64,77.53,2219100,1.86,3.45,2.4,4.45,1.73,1
2010-07-29,77.46,77.83,75.46,76.66,1931300,-0.8,2.37,-1.04,3.09,1.19,1
2010-07-28,78.3,78.99,76.23,76.54,1512400,-1.76,2.76,-2.3,3.61,1.38,-1
2010-07-27,78.08,79.94,77.4,78.49,2616600,0.41,2.54,0.52,3.24,1.27,1
2010-07-26,78.5,79.0,77.61,77.87,1898100,-0.63,1.39,-0.81,1.79,0.7,-1
2010-07-23,75.54,78.61,75.06,78.55,2520000,3.01,3.55,3.83,4.52,1.77,1
2010-07-22,73.92,76.1,73.44,75.66,3425200,1.74,2.66,2.3,3.52,1.33,1
2010-07-21,74.76,75.0,72.05,73.16,5796900,-1.6,2.95,-2.19,4.03,1.48,1
2010-07-20,71.68,72.58,69.87,72.42,4972400,0.74,2.71,1.02,3.74,1.35,-1
2010-07-19,72.3,73.91,71.65,73.35,1467200,1.05,2.26,1.43,3.08,1.13,1
2010-07-16,74.03,74.09,71.87,72.11,2214100,-1.92,2.22,-2.66,3.08,1.11,-1
2010-07-15,74.42,74.56,72.73,74.45,2207900,0.03,1.83,0.04,2.46,0.91,1
2010-07-14,72.02,74.86,71.95,74.09,3044400,2.07,2.91,2.79,3.93,1.45,1
2010-07-13,71.5,71.93,70.73,71.38,1899500,-0.12,1.2,-0.17,1.68,0.6,1
2010-07-12,70.01,71.43,69.8,70.74,1168700,0.73,1.63,1.03,2.3,0.82,1
2010-07-09,69.86,70.7,69.47,69.99,1142000,0.13,1.23,0.19,1.76,0.62,1
2010-07-08,70.05,70.95,68.32,69.97,2448500,-0.08,2.63,-0.11,3.76,1.32,1
2010-07-07,65.49,70.0,65.49,69.69,4406300,4.2,4.51,6.03,6.47,2.26,1
2010-07-06,64.54,66.29,64.01,64.81,2617900,0.27,2.28,0.42,3.52,1.14,1
2010-07-02,63.79,64.21,62.53,63.28,1273400,-0.51,1.68,-0.81,2.65,0.84,-1
2010-07-01,62.76,63.88,61.17,63.68,3694600,0.92,2.71,1.44,4.26,1.36,1
2010-06-30,64.15,64.64,62.27,62.59,3305400,-1.56,2.37,-2.49,3.79,1.18,-1
2010-06-29,65.96,66.38,64.02,64.6,2344300,-1.36,2.36,-2.11,3.65,1.18,-1
2010-06-28,67.57,68.48,66.63,67.47,1622100,-0.1,1.85,-0.15,2.74,0.93,-1
2010-06-25,66.65,68.31,66.11,68.03,2833000,1.38,2.2,2.03,3.23,1.1,1
2010-06-24,69.35,69.55,67.35,67.6,1832500,-1.75,2.2,-2.59,3.25,1.1,-1
2010-06-23,69.35,70.24,67.89,69.56,1889700,0.21,2.35,0.3,3.38,1.17,1
2010-06-22,70.4,71.1,68.79,69.0,2200900,-1.4,2.31,-2.03,3.35,1.15,-1
2010-06-21,72.95,73.1,70.34,70.87,2126500,-2.08,2.76,-2.93,3.89,1.38,-1
2010-06-18,72.39,73.0,71.62,71.93,1257800,-0.46,1.38,-0.64,1.92,0.69,-1
2010-06-17,71.47,73.0,71.13,72.52,1837500,1.05,1.87,1.45,2.58,0.94,1
2010-06-16,71.61,72.0,70.53,71.35,1560100,-0.26,1.47,-0.36,2.06,0.73,-1
2010-06-15,71.0,72.42,70.58,71.68,3075400,0.68,1.84,0.95,2.57,0.92,1
2010-06-14,70.61,71.0,69.33,69.9,2156400,-0.71,1.67,-1.02,2.39,0.84,1
2010-06-11,67.93,69.9,67.53,69.8,1737300,1.87,2.37,2.68,3.4,1.19,1
2010-06-10,67.97,68.95,67.01,68.91,2167700,0.94,1.94,1.36,2.82,0.97,1
2010-06-09,67.44,69.16,66.17,66.56,2808400,-0.88,2.99,-1.32,4.49,1.49,-1
2010-06-08,67.95,68.39,65.43,66.82,3542200,-1.13,2.96,-1.69,4.43,1.48,-1
2010-06-07,68.45,70.29,67.2,67.55,3199600,-0.9,3.09,-1.33,4.57,1.55,-1
2010-06-04,69.16,71.38,67.71,68.29,4567500,-0.87,3.67,-1.27,5.37,1.84,-1
2010-06-03,66.86,71.14,66.51,70.71,5473100,3.85,4.63,5.44,6.55,2.31,1
2010-06-02,65.27,66.21,64.0,66.16,2435900,0.89,2.21,1.35,3.34,1.1,1
2010-06-01,65.0,66.94,64.51,65.23,2268600,0.23,2.43,0.35,3.73,1.21,-1
2010-05-28,66.34,67.17,65.52,66.21,2837400,-0.13,1.65,-0.2,2.49,0.83,-1
2010-05-27,65.73,66.6,64.79,66.6,2936300,0.87,1.81,1.31,2.72,0.9,1
2010-05-26,63.01,65.95,62.45,64.48,5713700,1.47,3.5,2.28,5.43,1.75,1
2010-05-25,59.18,61.37,58.79,61.27,3759400,2.09,2.58,3.41,4.21,1.29,-1
2010-05-24,60.2,62.94,60.2,61.75,2852200,1.55,2.74,2.51,4.44,1.37,1
2010-05-21,55.95,60.41,55.95,60.34,3539100,4.39,4.46,7.28,7.39,2.23,1
2010-05-20,57.9,59.44,57.23,57.86,3446200,-0.04,2.21,-0.07,3.82,1.11,-1
2010-05-19,59.28,60.24,57.8,58.82,1939100,-0.46,2.44,-0.78,4.15,1.22,-1
2010-05-18,60.77,61.95,59.15,59.78,2031800,-0.99,2.8,-1.66,4.68,1.4,-1
2010-05-17,60.11,61.08,58.6,60.25,1591700,0.14,2.48,0.23,4.12,1.24,1
2010-05-14,61.16,61.38,58.93,60.2,2434100,-0.96,2.45,-1.59,4.07,1.23,-1
2010-05-13,62.61,64.59,61.78,62.19,3097100,-0.42,2.81,-0.68,4.52,1.41,-1
2010-05-12,61.4,62.92,61.19,62.84,1746000,1.44,1.73,2.29,2.75,0.87,1
2010-05-11,59.83,62.62,59.5,60.87,1968600,1.04,3.12,1.71,5.13,1.56,1
2010-05-10,59.66,61.19,59.66,60.64,2295200,0.98,1.53,1.62,2.52,0.77,1
2010-05-07,57.83,58.62,53.96,56.44,4754300,-1.39,4.66,-2.46,8.26,2.33,-1
2010-05-06,60.5,61.5,51.23,58.65,3690400,-1.85,10.27,-3.15,17.51,5.14,-1
2010-05-05,59.52,61.44,58.32,60.75,1591700,1.23,3.12,2.02,5.14,1.56,1
2010-05-04,62.09,62.09,59.7,60.56,2017400,-1.53,2.39,-2.53,3.95,1.2,-1
2010-05-03,62.06,63.19,61.37,62.69,1291600,0.63,1.82,1.0,2.9,0.91,1
2010-04-30,62.74,62.98,61.59,61.64,1898900,-1.1,1.39,-1.78,2.26,0.69,-1
2010-04-29,63.06,63.25,62.18,62.5,1724900,-0.56,1.07,-0.9,1.71,0.54,-1
2010-04-28,62.16,62.53,60.26,62.5,1895000,0.34,2.27,0.54,3.63,1.14,1
2010-04-27,63.08,63.35,61.34,61.77,2055000,-1.31,2.01,-2.12,3.25,1.0,-1
2010-04-26,62.93,63.81,62.67,63.55,1742500,0.62,1.14,0.98,1.79,0.57,1
2010-04-23,61.28,62.9,60.78,62.64,2335300,1.36,2.12,2.17,3.38,1.06,1
2010-04-22,60.59,61.75,59.55,61.48,3443800,0.89,2.2,1.45,3.58,1.1,-1
2010-04-21,58.09,62.0,57.05,61.66,9683700,3.57,4.95,5.79,8.03,2.48,1
2010-04-20,55.95,57.31,55.16,56.52,4110600,0.57,2.15,1.01,3.8,1.08,1
2010-04-19,56.17,56.73,54.69,55.56,2092000,-0.61,2.04,-1.1,3.67,1.02,-1
2010-04-16,56.62,57.84,56.11,56.39,3078600,-0.23,1.73,-0.41,3.07,0.87,-1
2010-04-15,56.53,56.92,56.1,56.43,1974400,-0.1,0.82,-0.18,1.45,0.41,-1
2010-04-14,57.52,57.58,56.15,56.65,2464700,-0.87,1.43,-1.54,2.52,0.71,1
2010-04-13,57.12,57.25,56.5,56.64,2019000,-0.48,0.75,-0.85,1.32,0.38,-1
2010-04-12,55.3,58.39,55.26,57.25,6119900,1.95,3.13,3.41,5.47,1.57,1
2010-04-09,54.08,54.81,53.7,54.71,1225000,0.63,1.11,1.15,2.03,0.55,1
2010-04-08,53.43,54.24,52.8,53.87,1290500,0.44,1.44,0.82,2.67,0.72,1
2010-04-07,54.32,54.63,53.45,53.78,1347900,-0.54,1.18,-1.0,2.19,0.59,-1
2010-04-06,53.96,54.9,53.44,54.6,1054600,0.64,1.46,1.17,2.67,0.73,1
2010-04-05,52.53,54.0,52.35,53.91,1062100,1.38,1.65,2.56,3.06,0.82,1
2010-04-01,53.58,54.07,51.66,52.47,1797900,-1.11,2.41,-2.12,4.59,1.21,-1
2010-03-31,52.86,53.48,52.14,53.3,1456900,0.44,1.34,0.83,2.51,0.67,1
2010-03-30,53.31,53.63,51.93,52.98,1426300,-0.33,1.7,-0.62,3.21,0.85,-1
2010-03-29,53.95,53.95,52.51,53.21,1266900,-0.74,1.44,-1.39,2.71,0.72,-1
2010-03-26,54.68,54.68,53.31,53.53,1823500,-1.15,1.37,-2.15,2.56,0.68,-1
2010-03-25,54.6,54.99,54.26,54.49,1769400,-0.11,0.73,-0.2,1.34,0.37,1
2010-03-24,54.18,54.67,53.79,54.3,1404400,0.12,0.88,0.22,1.62,0.44,-1
2010-03-23,53.88,54.55,52.73,54.35,1499700,0.47,1.82,0.86,3.35,0.91,1
2010-03-22,52.78,54.07,52.13,53.78,1288300,1.0,1.94,1.86,3.61,0.97,1
2010-03-19,52.98,53.32,52.13,52.98,2600900,0.0,1.19,0.0,2.25,0.59,1
2010-03-18,53.49,53.93,52.72,52.85,2237300,-0.64,1.21,-1.21,2.29,0.61,-1
2010-03-17,54.05,54.32,53.3,53.47,1598400,-0.58,1.02,-1.08,1.91,0.51,-1
2010-03-16,54.0,54.11,53.5,54.03,830200,0.03,0.61,0.06,1.13,0.3,1
2010-03-15,53.36,54.02,52.76,53.73,1198600,0.37,1.26,0.69,2.35,0.63,1
2010-03-12,54.6,54.6,53.3,53.68,1763800,-0.92,1.3,-1.71,2.42,0.65,-1
2010-03-11,54.27,54.45,53.33,54.03,1380400,-0.24,1.12,-0.44,2.07,0.56,-1
2010-03-10,53.86,54.6,53.75,54.28,1357500,0.42,0.85,0.77,1.57,0.43,1
2010-03-09,54.13,54.75,53.58,53.89,1723400,-0.24,1.17,-0.45,2.17,0.59,-1
2010-03-08,53.89,54.68,53.5,54.23,1496600,0.34,1.18,0.63,2.18,0.59,1
2010-03-05,52.33,54.15,51.72,53.94,2852500,1.61,2.43,2.98,4.51,1.21,1
2010-03-04,50.85,52.03,50.37,51.77,1548000,0.92,1.66,1.78,3.21,0.83,1
2010-03-03,50.91,51.57,50.41,50.75,1340500,-0.16,1.16,-0.32,2.29,0.58,-1
2010-03-02,50.18,52.15,50.1,50.97,4576400,0.79,2.05,1.55,4.02,1.02,1
2010-03-01,49.63,50.32,49.28,50.27,1916200,0.64,1.04,1.27,2.07,0.52,1
2010-02-26,48.97,49.73,48.37,49.51,1337600,0.54,1.36,1.09,2.75,0.68,1
2010-02-25,47.81,49.21,47.5,49.08,1498300,1.27,1.71,2.59,3.48,0.86,1
2010-02-24,48.18,49.24,48.05,48.8,1784100,0.62,1.19,1.27,2.44,0.6,1
2010-02-23,47.96,48.86,47.5,48.16,2007000,0.2,1.36,0.42,2.82,0.68,-1
2010-02-22,48.64,48.91,48.24,48.37,1540800,-0.27,0.67,-0.56,1.39,0.33,-1
2010-02-19,48.27,48.74,48.04,48.5,1865100,0.23,0.7,0.47,1.44,0.35,1
2010-02-18,47.39,48.5,47.04,48.26,1977100,0.87,1.46,1.8,3.03,0.73,1
2010-02-17,47.26,47.95,46.85,47.4,1353600,0.14,1.1,0.3,2.32,0.55,1
2010-02-16,46.82,47.12,46.51,47.11,1348800,0.29,0.61,0.62,1.29,0.3,1
2010-02-12,46.16,46.58,45.47,46.54,838100,0.38,1.11,0.82,2.39,0.55,1
2010-02-11,45.47,46.52,45.01,46.45,1184900,0.98,1.51,2.11,3.25,0.76,1
2010-02-10,45.77,45.89,44.69,45.43,1050600,-0.34,1.2,-0.75,2.64,0.6,-1
2010-02-09,44.85,45.94,44.8,45.67,2150200,0.82,1.14,1.8,2.5,0.57,1
2010-02-08,44.66,45.25,43.93,44.25,1663800,-0.41,1.32,-0.93,2.98,0.66,-1
2010-02-05,44.07,44.43,42.76,44.4,2019500,0.33,1.67,0.74,3.76,0.84,1
2010-02-04,45.79,45.9,44.01,44.01,1418900,-1.78,1.89,-4.04,4.29,0.95,-1
2010-02-03,45.62,46.45,45.03,46.29,1728300,0.67,1.42,1.45,3.07,0.71,1
2010-02-02,45.71,46.07,44.96,45.64,1510900,-0.07,1.11,-0.15,2.43,0.55,1
2010-02-01,44.94,45.75,44.3,45.58,2212600,0.64,1.45,1.4,3.18,0.73,1
2010-01-29,46.8,46.84,45.0,45.41,2394600,-1.39,1.84,-3.06,4.05,0.92,-1
2010-01-28,46.82,46.89,45.31,46.31,2048900,-0.51,1.58,-1.1,3.41,0.79,-1
2010-01-27,46.88,47.25,45.3,46.66,3101000,-0.22,1.95,-0.47,4.18,0.98,-1
2010-01-26,48.84,48.95,46.7,47.29,9076400,-1.55,2.25,-3.28,4.76,1.12,1
2010-01-25,42.0,42.49,41.3,42.0,4721800,0.0,1.19,0.0,2.83,0.6,1
2010-01-22,43.69,43.69,41.09,41.58,2396500,-2.11,2.6,-5.07,6.25,1.3,-1
2010-01-21,45.18,45.69,43.25,43.94,2407300,-1.24,2.44,-2.82,5.55,1.22,-1
2010-01-20,46.06,46.2,44.53,44.98,1332400,-1.08,1.67,-2.4,3.71,0.84,-1
2010-01-19,45.9,47.16,45.77,46.69,1238900,0.79,1.39,1.69,2.98,0.69,1
2010-01-15,47.24,47.5,45.46,45.92,1771400,-1.32,2.04,-2.87,4.44,1.02,-1
2010-01-14,45.26,47.6,45.05,47.45,3133500,2.19,2.55,4.62,5.37,1.28,1
2010-01-13,44.81,45.8,43.78,45.44,1879600,0.63,2.02,1.39,4.45,1.01,1
2010-01-12,44.29,44.96,43.55,44.63,1516500,0.34,1.41,0.76,3.16,0.71,-1
2010-01-11,45.47,45.67,44.27,44.83,1605700,-0.64,1.4,-1.43,3.12,0.7,-1
2010-01-08,45.2,45.37,44.51,45.25,1250100,0.05,0.86,0.11,1.9,0.43,1
2010-01-07,45.24,45.81,44.42,45.14,1215300,-0.1,1.39,-0.22,3.08,0.7,-1
2010-01-06,45.33,46.46,45.06,45.67,2046800,0.34,1.4,0.74,3.07,0.7,1
2010-01-05,43.72,45.5,43.19,45.25,2382600,1.53,2.31,3.38,5.1,1.16,1
2010-01-04,43.15,43.8,43.0,43.57,1104400,0.42,0.8,0.96,1.84,0.4,1
2009-12-31,42.77,43.23,42.27,42.38,611900,-0.39,0.96,-0.92,2.27,0.48,-1
2009-12-30,42.76,43.19,42.48,42.9,570400,0.14,0.71,0.33,1.66,0.36,1
2009-12-29,42.82,43.42,42.72,42.86,467700,0.04,0.7,0.09,1.63,0.35,-1
2009-12-28,43.81,43.93,42.62,42.9,941100,-0.91,1.31,-2.12,3.05,0.66,-1
2009-12-24,43.18,44.0,43.18,43.77,411900,0.59,0.82,1.35,1.87,0.41,1
2009-12-23,42.5,43.25,42.11,43.18,944200,0.68,1.14,1.57,2.64,0.57,1
2009-12-22,42.64,42.88,42.08,42.3,607000,-0.34,0.8,-0.8,1.89,0.4,-1
2009-12-21,42.07,42.97,42.07,42.56,772600,0.49,0.9,1.15,2.11,0.45,1
2009-12-18,41.31,42.3,41.12,42.1,1118700,0.79,1.18,1.88,2.8,0.59,1
2009-12-17,41.26,41.45,40.84,40.95,639800,-0.31,0.61,-0.76,1.49,0.3,-1
2009-12-16,41.5,42.0,40.86,41.52,1423300,0.02,1.14,0.05,2.75,0.57,1
2009-12-15,41.39,41.52,40.61,40.7,1128800,-0.69,0.91,-1.7,2.24,0.46,-1
2009-12-14,42.27,42.3,40.84,41.62,1400200,-0.65,1.46,-1.56,3.51,0.73,-1
2009-12-11,40.6,43.05,40.6,41.84,2830200,1.24,2.45,2.96,5.86,1.22,1
2009-12-10,42.44,42.77,40.21,40.36,2897300,-2.08,2.56,-5.15,6.34,1.28,-1
2009-12-09,43.12,43.13,41.67,42.33,2028700,-0.79,1.46,-1.87,3.45,0.73,-1
2009-12-08,44.01,44.13,43.3,43.45,1806900,-0.56,0.83,-1.29,1.91,0.42,-1
2009-12-07,44.55,44.89,44.19,44.54,1475200,-0.01,0.7,-0.02,1.57,0.35,-1
2009-12-04,42.59,44.89,42.59,44.6,2909000,2.01,2.3,4.51,5.16,1.15,1
2009-12-03,42.01,42.75,41.85,42.19,1171300,0.18,0.9,0.43,2.13,0.45,1
2009-12-02,42.66,42.66,41.91,42.08,848500,-0.58,0.75,-1.38,1.78,0.38,-1
2009-12-01,42.16,43.08,41.94,42.66,1466000,0.5,1.14,1.17,2.67,0.57,1
2009-11-30,41.36,42.0,41.0,41.98,874700,0.62,1.0,1.48,2.38,0.5,1
2009-11-27,41.41,42.02,40.71,41.3,489100,-0.11,1.31,-0.27,3.17,0.66,-1
2009-11-25,42.23,42.89,41.9,42.59,1060700,0.36,0.99,0.85,2.32,0.5,1
2009-11-24,41.51,42.27,40.74,42.11,1829900,0.6,1.53,1.42,3.63,0.77,1
2009-11-23,41.33,42.66,41.27,41.61,1361200,0.28,1.39,0.67,3.34,0.69,1
2009-11-20,41.54,41.54,40.34,40.96,1359000,-0.58,1.2,-1.42,2.93,0.6,-1
2009-11-19,42.68,42.78,41.45,41.75,1077400,-0.93,1.33,-2.23,3.19,0.66,-1
2009-11-18,42.25,43.09,42.01,42.98,1828900,0.73,1.08,1.7,2.51,0.54,1
2009-11-17,42.39,42.61,41.86,42.57,1960400,0.18,0.75,0.42,1.76,0.38,-1
2009-11-16,41.61,42.79,41.11,42.57,2010100,0.96,1.68,2.26,3.95,0.84,1
2009-11-13,39.73,41.34,39.64,41.13,2108500,1.4,1.7,3.4,4.13,0.85,1
2009-11-12,41.25,41.6,39.41,39.57,1994200,-1.68,2.19,-4.25,5.53,1.1,-1
2009-11-11,41.99,42.23,41.14,41.35,1216900,-0.64,1.09,-1.55,2.64,0.54,-1
2009-11-10,41.08,42.09,40.97,41.6,1452300,0.52,1.12,1.25,2.69,0.56,1
2009-11-09,40.5,41.48,40.5,41.06,1590800,0.56,0.98,1.36,2.39,0.49,1
2009-11-06,40.53,40.86,39.74,40.07,1213800,-0.46,1.12,-1.15,2.8,0.56,-1
2009-11-05,40.19,41.0,40.13,40.74,1654800,0.55,0.87,1.35,2.14,0.43,1
2009-11-04,39.64,40.27,39.32,39.76,2091800,0.12,0.95,0.3,2.39,0.48,1
2009-11-03,37.91,39.23,37.75,39.12,1844600,1.21,1.48,3.09,3.78,0.74,1
2009-11-02,38.78,38.97,37.7,38.45,2570200,-0.33,1.27,-0.86,3.3,0.63,1
2009-10-30,39.5,39.88,38.22,38.43,2834300,-1.07,1.66,-2.78,4.32,0.83,-1
2009-10-29,40.0,41.4,39.86,40.99,2162400,0.99,1.54,2.42,3.76,0.77,1
2009-10-28,41.5,41.53,39.54,39.56,2736900,-1.94,1.99,-4.9,5.03,1.0,-1
2009-10-27,43.75,43.75,41.47,41.87,2587000,-1.88,2.28,-4.49,5.45,1.14,-1
2009-10-26,44.12,45.23,43.35,43.65,2122200,-0.47,1.88,-1.08,4.31,0.94,-1
2009-10-23,45.0,45.5,44.13,44.37,3446800,-0.63,1.37,-1.42,3.09,0.68,-1
2009-10-22,44.02,45.55,42.57,44.78,5310600,0.76,2.98,1.7,6.65,1.49,-1
2009-10-21,44.28,45.52,43.94,44.93,3065100,0.65,1.58,1.45,3.52,0.79,1
2009-10-20,44.84,45.0,43.83,44.64,2158700,-0.2,1.17,-0.45,2.62,0.59,-1
2009-10-19,45.14,45.27,44.44,44.9,2377200,-0.24,0.83,-0.53,1.85,0.42,1
2009-10-16,45.2,45.49,44.23,44.76,2476400,-0.44,1.26,-0.98,2.82,0.63,-1
2009-10-15,44.9,45.57,44.21,45.57,1050800,0.67,1.36,1.47,2.98,0.68,1
2009-10-14,44.25,45.11,44.14,45.05,2258800,0.8,0.97,1.78,2.15,0.48,1
2009-10-13,43.87,43.97,43.3,43.75,1438400,-0.12,0.67,-0.27,1.53,0.34,-1
2009-10-12,42.96,44.48,42.65,43.77,2138300,0.81,1.83,1.85,4.18,0.91,1
2009-10-09,41.92,42.62,41.68,42.39,1015400,0.47,0.94,1.11,2.22,0.47,1
2009-10-08,42.08,42.62,41.61,42.28,1527700,0.2,1.01,0.47,2.39,0.5,1
2009-10-07,40.86,41.96,40.86,41.84,1250000,0.98,1.1,2.34,2.63,0.55,1
2009-10-06,40.39,41.25,40.22,41.11,2569500,0.72,1.03,1.75,2.51,0.52,1
2009-10-05,38.99,39.97,38.99,39.87,1928200,0.88,0.98,2.21,2.46,0.49,1
2009-10-02,37.59,39.24,36.92,38.67,2366400,1.08,2.32,2.79,6.0,1.16,1
2009-10-01,39.7,39.99,37.53,37.75,2540400,-1.95,2.46,-5.17,6.52,1.23,-1
2009-09-30,39.42,40.9,38.89,40.17,3030900,0.75,2.01,1.87,5.0,1.0,1
2009-09-29,39.8,39.98,39.21,39.52,693100,-0.28,0.77,-0.71,1.95,0.38,-1
2009-09-28,38.92,39.98,38.6,39.76,1448500,0.84,1.38,2.11,3.47,0.69,1
2009-09-25,39.79,40.2,38.22,38.52,2032100,-1.27,1.98,-3.3,5.14,0.99,-1
2009-09-24,40.26,40.97,39.52,40.2,1805900,-0.06,1.45,-0.15,3.61,0.72,1
2009-09-23,41.12,41.12,40.03,40.04,1901100,-1.08,1.09,-2.7,2.72,0.54,-1
2009-09-22,40.35,41.17,40.35,41.09,1303000,0.74,0.82,1.8,2.0,0.41,1
2009-09-21,40.05,40.35,38.81,40.16,1055100,0.11,1.54,0.27,3.83,0.77,-1
2009-09-18,40.85,41.04,40.33,40.77,1257300,-0.08,0.71,-0.2,1.74,0.36,1
2009-09-17,40.74,41.15,40.09,40.63,1621200,-0.11,1.06,-0.27,2.61,0.53,-1
2009-09-16,40.08,41.19,40.0,40.66,1800700,0.58,1.19,1.43,2.93,0.59,1
2009-09-15,39.68,40.4,39.35,40.0,1937600,0.32,1.05,0.8,2.62,0.52,1
2009-09-14,38.9,39.79,38.38,39.78,1758100,0.88,1.41,2.21,3.54,0.7,1
2009-09-11,39.0,39.5,38.78,39.24,2538000,0.24,0.72,0.61,1.83,0.36,1
2009-09-10,38.36,38.93,37.57,38.75,2290600,0.39,1.36,1.01,3.51,0.68,1
2009-09-09,37.72,38.26,37.0,38.08,2052100,0.36,1.26,0.95,3.31,0.63,1
2009-09-08,37.45,38.0,36.85,37.32,2692400,-0.13,1.15,-0.35,3.08,0.57,1
2009-09-04,35.26,36.46,35.02,36.31,2076600,1.05,1.44,2.89,3.97,0.72,1
2009-09-03,34.39,35.22,34.07,35.12,1832300,0.73,1.15,2.08,3.27,0.57,1
2009-09-02,33.7,34.39,33.15,34.0,2108800,0.3,1.24,0.88,3.65,0.62,1
2009-09-01,35.37,35.9,33.67,33.75,1696200,-1.62,2.23,-4.8,6.61,1.11,-1
2009-08-31,35.65,35.65,34.34,35.43,1482200,-0.22,1.31,-0.62,3.7,0.65,-1
2009-08-28,35.47,36.42,34.33,36.03,3108800,0.56,2.09,1.55,5.8,1.05,1
2009-08-27,34.0,34.99,33.95,34.98,3303000,0.98,1.04,2.8,2.97,0.52,1
2009-08-26,32.12,33.48,32.0,33.2,2017500,1.08,1.48,3.25,4.46,0.74,1
2009-08-25,31.68,32.32,31.61,32.04,1133300,0.36,0.71,1.12,2.22,0.36,1
2009-08-24,31.71,32.21,31.59,31.6,1147600,-0.11,0.62,-0.35,1.96,0.31,-1
2009-08-21,31.29,31.82,31.04,31.7,1666200,0.41,0.78,1.29,2.46,0.39,1
2009-08-20,30.71,31.16,30.33,31.16,1242700,0.45,0.83,1.44,2.66,0.42,1
2009-08-19,30.2,30.71,30.0,30.5,1247700,0.3,0.71,0.98,2.33,0.36,-1
2009-08-18,30.45,30.86,30.39,30.62,1016000,0.17,0.47,0.56,1.53,0.23,1
2009-08-17,30.79,31.47,30.06,30.12,1358900,-0.67,1.41,-2.22,4.68,0.7,-1
2009-08-14,32.42,32.42,31.26,31.83,1070400,-0.59,1.16,-1.85,3.64,0.58,-1
2009-08-13,32.0,32.76,31.34,32.4,1460000,0.4,1.42,1.23,4.38,0.71,1
2009-08-12,31.32,32.13,31.26,31.59,1755100,0.27,0.87,0.85,2.75,0.44,1
2009-08-11,31.36,31.84,31.25,31.28,1453000,-0.08,0.59,-0.26,1.89,0.29,-1
2009-08-10,31.65,32.4,31.35,32.0,1583100,0.35,1.05,1.09,3.28,0.52,-1
2009-08-07,33.18,33.31,32.55,32.77,1579300,-0.41,0.76,-1.25,2.32,0.38,1
2009-08-06,33.11,33.26,32.44,32.71,1195200,-0.4,0.82,-1.22,2.51,0.41,-1
2009-08-05,33.2,33.3,32.63,33.06,1021300,-0.14,0.67,-0.42,2.03,0.33,-1
2009-08-04,32.74,33.5,32.74,33.2,1262400,0.46,0.76,1.39,2.29,0.38,1
2009-08-03,32.82,33.32,32.66,33.13,1717800,0.31,0.66,0.94,1.99,0.33,1
2009-07-31,32.15,32.93,32.0,32.23,1297600,0.08,0.93,0.25,2.89,0.46,-1
2009-07-30,31.94,33.0,31.87,32.31,1784500,0.37,1.13,1.15,3.5,0.56,1
2009-07-29,32.69,32.69,31.55,31.79,2233400,-0.9,1.14,-2.83,3.59,0.57,-1
2009-07-28,32.65,33.05,32.37,32.53,1445900,-0.12,0.68,-0.37,2.09,0.34,-1
2009-07-27,33.48,33.65,32.7,32.85,1599000,-0.63,0.95,-1.92,2.89,0.47,-1
2009-07-24,32.7,33.87,32.27,33.47,3111100,0.77,1.6,2.3,4.78,0.8,1
2009-07-23,33.84,34.2,32.69,32.77,5246900,-1.07,1.51,-3.27,4.61,0.76,1
2009-07-22,30.59,32.0,30.59,31.25,4009400,0.66,1.41,2.11,4.51,0.7,1
2009-07-21,30.8,31.09,30.35,30.97,1562400,0.17,0.74,0.55,2.39,0.37,-1
2009-07-20,31.01,32.35,30.53,31.1,2973600,0.09,1.82,0.29,5.85,0.91,1
2009-07-17,30.02,30.81,29.88,30.81,1767900,0.79,0.93,2.56,3.02,0.46,1
2009-07-16,29.35,30.19,29.31,29.98,1710400,0.63,0.88,2.1,2.94,0.44,1
2009-07-15,29.25,29.48,29.08,29.3,1624900,0.05,0.4,0.17,1.37,0.2,1
2009-07-14,28.7,29.09,28.33,28.6,1557300,-0.1,0.76,-0.35,2.66,0.38,1
2009-07-13,27.42,28.66,27.26,28.26,2207600,0.84,1.4,2.97,4.95,0.7,1
2009-07-10,26.5,27.24,26.5,26.89,810400,0.39,0.74,1.45,2.75,0.37,-1
2009-07-09,26.59,27.1,26.19,26.97,1355300,0.38,0.91,1.41,3.37,0.46,1
2009-07-08,26.9,26.9,25.75,26.12,2670900,-0.78,1.15,-2.99,4.4,0.57,-1
2009-07-07,27.74,28.2,26.55,26.76,2007100,-0.98,1.65,-3.66,6.17,0.82,-1
2009-07-06,28.2,28.21,27.31,28.07,1577100,-0.13,0.9,-0.46,3.21,0.45,-1
2009-07-02,28.2,28.5,27.78,28.24,1298000,0.04,0.72,0.14,2.55,0.36,-1
2009-07-01,27.53,29.5,27.35,28.76,3618800,1.23,2.15,4.28,7.48,1.07,1
2009-06-30,28.29,28.49,27.25,27.27,1482600,-1.02,1.24,-3.74,4.55,0.62,-1
2009-06-29,28.08,29.05,27.77,28.22,1164400,0.14,1.28,0.5,4.54,0.64,1
2009-06-26,27.69,28.15,27.5,27.95,1685000,0.26,0.65,0.93,2.33,0.32,-1
2009-06-25,28.33,28.34,27.18,27.96,1960200,-0.37,1.16,-1.32,4.15,0.58,-1
2009-06-24,27.61,29.06,27.42,28.18,1860700,0.57,1.64,2.02,5.82,0.82,1
2009-06-23,27.62,27.89,26.12,27.25,2078300,-0.37,1.77,-1.36,6.5,0.88,-1
2009-06-22,29.1,29.1,27.36,27.54,1989100,-1.56,1.74,-5.66,6.32,0.87,-1
2009-06-19,29.28,30.4,29.13,29.55,2064000,0.27,1.27,0.91,4.3,0.63,-1
2009-06-18,29.91,30.21,29.42,29.91,978000,0.0,0.79,0.0,2.64,0.39,-1
2009-06-17,29.38,30.72,28.87,30.15,1493700,0.77,1.85,2.55,6.14,0.92,1
2009-06-16,30.73,31.03,29.43,29.43,1686200,-1.3,1.6,-4.42,5.44,0.8,-1
2009-06-15,31.14,31.67,30.34,30.8,1320800,-0.34,1.33,-1.1,4.32,0.67,-1
2009-06-12,32.19,32.19,31.25,31.61,1112600,-0.58,0.94,-1.83,2.97,0.47,-1
2009-06-11,32.06,32.6,31.81,32.13,1536600,0.07,0.79,0.22,2.46,0.4,-1
2009-06-10,32.68,33.0,31.64,32.22,1149000,-0.46,1.36,-1.43,4.22,0.68,-1
2009-06-09,31.83,32.85,30.94,32.66,1521900,0.83,1.91,2.54,5.85,0.96,1
2009-06-08,32.15,32.15,31.54,31.87,1331100,-0.28,0.61,-0.88,1.91,0.3,-1
2009-06-05,32.78,33.0,32.01,32.59,1488100,-0.19,0.99,-0.58,3.04,0.5,-1
2009-06-04,31.14,32.85,30.55,32.81,2943200,1.67,2.3,5.09,7.01,1.15,1
2009-06-03,31.34,31.5,30.35,30.94,1982800,-0.4,1.15,-1.29,3.72,0.57,-1
2009-06-02,31.46,32.37,30.97,32.0,2932400,0.54,1.4,1.69,4.37,0.7,-1
2009-06-01,31.09,32.35,30.53,32.22,2171800,1.13,1.82,3.51,5.65,0.91,1
2009-05-29,30.22,31.36,30.09,31.04,2321200,0.82,1.27,2.64,4.09,0.63,1
2009-05-28,30.41,30.69,29.1,30.07,1934100,-0.34,1.59,-1.13,5.29,0.8,1
2009-05-27,29.37,30.87,29.26,29.95,2765900,0.58,1.61,1.94,5.38,0.8,1
2009-05-26,28.42,29.37,28.05,29.26,1985800,0.84,1.32,2.87,4.51,0.66,1
2009-05-22,27.7,28.9,27.24,28.5,2393500,0.8,1.66,2.81,5.82,0.83,1
2009-05-21,28.16,28.16,27.25,27.54,1582000,-0.62,0.91,-2.25,3.3,0.46,-1
2009-05-20,28.54,29.49,28.35,28.56,1297300,0.02,1.14,0.07,3.99,0.57,1
2009-05-19,27.82,28.88,27.7,28.48,1237700,0.66,1.18,2.32,4.14,0.59,1
2009-05-18,27.59,28.0,26.76,27.85,1861100,0.26,1.24,0.93,4.45,0.62,1
2009-05-15,26.99,27.93,26.85,27.0,1758400,0.01,1.08,0.04,4.0,0.54,-1
2009-05-14,26.66,27.39,26.6,27.03,968100,0.37,0.79,1.37,2.92,0.39,1
2009-05-13,27.5,27.57,26.5,26.76,2188300,-0.74,1.07,-2.77,4.0,0.54,-1
2009-05-12,28.75,28.75,27.1,27.81,1505400,-0.94,1.65,-3.38,5.93,0.82,-1
2009-05-11,27.38,28.6,26.77,28.27,1619900,0.89,1.83,3.15,6.47,0.92,1
2009-05-08,28.11,28.52,26.77,27.7,1244000,-0.41,1.75,-1.48,6.32,0.88,-1
2009-05-07,28.84,29.0,27.38,27.73,1602900,-1.11,1.62,-4.0,5.84,0.81,-1
2009-05-06,28.66,28.82,27.63,28.62,1840800,-0.04,1.19,-0.14,4.16,0.6,1
2009-05-05,26.59,28.58,26.22,28.27,3689100,1.68,2.36,5.94,8.35,1.18,1
2009-05-04,25.59,26.73,25.27,26.66,2687900,1.07,1.46,4.01,5.48,0.73,1
2009-05-01,26.33,26.36,25.28,25.4,1435300,-0.93,1.08,-3.66,4.25,0.54,-1
2009-04-30,26.32,27.05,26.01,26.08,2106300,-0.24,1.04,-0.92,3.99,0.52,1
2009-04-29,26.13,26.9,25.45,25.9,1814000,-0.23,1.45,-0.89,5.6,0.72,1
2009-04-28,25.35,26.59,25.23,25.85,1510700,0.5,1.36,1.93,5.26,0.68,1
2009-04-27,26.19,26.19,25.07,25.66,1604400,-0.53,1.12,-2.07,4.36,0.56,-1
2009-04-24,26.3,26.72,25.6,26.0,3535000,-0.3,1.12,-1.15,4.31,0.56,1
2009-04-23,27.17,27.57,25.68,25.92,10761300,-1.25,1.89,-4.82,7.29,0.95,-1
2009-04-22,30.49,33.4,30.35,32.55,4853900,2.06,3.05,6.33,9.37,1.52,1
2009-04-21,29.59,30.3,29.46,30.22,1801200,0.63,0.84,2.08,2.78,0.42,1
2009-04-20,30.27,30.36,29.3,29.78,1278200,-0.49,1.06,-1.65,3.56,0.53,-1
2009-04-17,30.29,30.95,29.89,30.7,1530500,0.41,1.06,1.34,3.45,0.53,1
2009-04-16,30.0,30.4,29.31,30.19,1039100,0.19,1.09,0.63,3.61,0.54,1
2009-04-15,29.74,30.15,28.86,29.6,1508900,-0.14,1.29,-0.47,4.36,0.64,-1
2009-04-14,30.7,31.44,29.83,30.04,2461500,-0.66,1.61,-2.2,5.36,0.81,-1
2009-04-13,29.54,31.72,29.33,31.53,2214100,1.99,2.39,6.31,7.58,1.2,1
2009-04-09,30.72,30.72,29.5,30.01,2010900,-0.71,1.22,-2.37,4.07,0.61,-1
2009-04-08,28.09,30.44,28.09,30.09,3421200,2.0,2.35,6.65,7.81,1.18,1
2009-04-07,27.54,27.86,27.01,27.6,1154500,0.06,0.85,0.22,3.08,0.42,-1
2009-04-06,28.43,28.43,27.12,27.88,1704200,-0.55,1.31,-1.97,4.7,0.65,-1
2009-04-03,27.55,28.77,26.61,28.67,1568900,1.12,2.16,3.91,7.53,1.08,1
2009-04-02,26.96,28.3,26.44,27.62,2451000,0.66,1.86,2.39,6.73,0.93,1
2009-04-01,24.68,26.56,24.42,26.12,4217200,1.44,2.14,5.51,8.19,1.07,1
2009-03-31,23.45,24.41,23.41,23.62,1423500,0.17,1.0,0.72,4.23,0.5,1
2009-03-30,23.58,23.82,23.0,23.52,907000,-0.06,0.82,-0.26,3.49,0.41,-1
2009-03-27,25.0,25.0,23.91,24.26,1408200,-0.74,1.09,-3.05,4.49,0.54,-1
2009-03-26,24.16,25.78,24.16,25.72,1776600,1.56,1.62,6.07,6.3,0.81,1
2009-03-25,24.9,25.08,23.16,24.16,1811000,-0.74,1.92,-3.06,7.95,0.96,-1
2009-03-24,24.98,25.0,24.14,24.64,1044600,-0.34,0.86,-1.38,3.49,0.43,-1
2009-03-23,23.91,25.42,23.46,25.2,1689600,1.29,1.96,5.12,7.78,0.98,1
2009-03-20,24.74,24.79,22.99,23.04,2057700,-1.7,1.8,-7.38,7.81,0.9,-1
2009-03-19,25.79,25.91,24.46,24.82,2074200,-0.97,1.45,-3.91,5.84,0.72,-1
2009-03-18,23.6,25.7,23.26,25.25,4052000,1.65,2.44,6.53,9.66,1.22,1
2009-03-17,22.51,23.68,22.51,23.57,1850900,1.06,1.17,4.5,4.96,0.58,1
2009-03-16,23.06,23.22,22.38,22.51,2159300,-0.55,0.84,-2.44,3.73,0.42,-1
2009-03-13,22.6,23.01,22.1,22.67,2017500,0.07,0.91,0.31,4.01,0.46,-1
2009-03-12,22.77,23.2,22.16,22.67,1757900,-0.1,1.04,-0.44,4.59,0.52,1
2009-03-11,22.48,22.98,21.79,22.65,1970100,0.17,1.19,0.75,5.25,0.6,1
2009-03-10,20.78,22.35,20.02,22.28,2464500,1.5,2.33,6.73,10.46,1.17,1
2009-03-09,19.66,20.31,19.16,19.95,1737800,0.29,1.15,1.45,5.76,0.57,1
2009-03-06,20.11,20.49,19.51,19.89,1542000,-0.22,0.98,-1.11,4.93,0.49,-1
2009-03-05,20.98,21.0,19.95,20.0,1631600,-0.98,1.05,-4.9,5.25,0.53,-1
2009-03-04,20.94,21.79,20.86,21.09,1224500,0.15,0.93,0.71,4.41,0.46,1
2009-03-03,20.92,21.68,20.75,21.01,1407700,0.09,0.93,0.43,4.43,0.46,1
2009-03-02,20.55,21.47,20.27,20.73,1758900,0.18,1.2,0.87,5.79,0.6,-1
2009-02-27,21.5,21.99,20.62,20.76,1902100,-0.74,1.37,-3.56,6.6,0.68,-1
2009-02-26,22.81,22.84,21.26,21.5,1759000,-1.31,1.58,-6.09,7.35,0.79,-1
2009-02-25,22.93,22.93,21.83,22.43,943600,-0.5,1.1,-2.23,4.9,0.55,-1
2009-02-24,21.56,23.15,21.4,22.93,1325100,1.37,1.75,5.97,7.63,0.88,1
2009-02-23,22.94,22.94,21.4,21.45,858500,-1.49,1.54,-6.95,7.18,0.77,-1
2009-02-20,21.8,22.63,21.8,22.51,1222000,0.71,0.83,3.15,3.69,0.41,1
2009-02-19,23.0,23.0,21.94,22.31,1237200,-0.69,1.06,-3.09,4.75,0.53,-1
2009-02-18,23.77,23.77,22.41,22.6,1936900,-1.17,1.36,-5.18,6.02,0.68,-1
2009-02-17,24.1,24.54,23.56,23.88,1313800,-0.22,0.98,-0.92,4.1,0.49,-1
2009-02-13,26.25,26.25,24.35,25.09,1405100,-1.16,1.9,-4.62,7.57,0.95,-1
2009-02-12,25.5,26.59,24.39,26.04,2126100,0.54,2.2,2.07,8.45,1.1,-1
2009-02-11,24.42,26.43,23.75,26.04,2734400,1.62,2.68,6.22,10.29,1.34,1
2009-02-10,25.62,26.59,24.22,24.39,1637700,-1.23,2.37,-5.04,9.72,1.19,-1
2009-02-09,25.3,26.56,25.0,26.12,1354900,0.82,1.56,3.14,5.97,0.78,1
2009-02-06,24.62,25.53,24.01,25.31,1848200,0.69,1.52,2.73,6.01,0.76,1
2009-02-05,21.79,24.6,21.79,24.37,2180400,2.58,2.81,10.59,11.53,1.41,1
2009-02-04,22.51,23.1,22.02,22.23,924900,-0.28,1.08,-1.26,4.86,0.54,-1
2009-02-03,22.04,22.62,21.43,22.51,1172300,0.47,1.19,2.09,5.29,0.6,1
2009-02-02,20.64,21.99,20.54,21.75,1595000,1.11,1.45,5.1,6.67,0.72,1
2009-01-30,21.68,21.8,20.52,20.7,1333900,-0.98,1.28,-4.73,6.18,0.64,-1
2009-01-29,22.1,22.79,21.52,21.6,839000,-0.5,1.27,-2.31,5.88,0.63,-1
2009-01-28,21.82,23.02,21.06,22.53,1709200,0.71,1.96,3.15,8.7,0.98,1
2009-01-27,22.21,22.5,20.39,21.47,4402600,-0.74,2.11,-3.45,9.83,1.05,-1
2009-01-26,22.01,23.49,21.4,22.1,3761900,0.09,2.09,0.41,9.46,1.04,1
2009-01-23,20.37,21.84,20.26,21.62,1799500,1.25,1.58,5.78,7.31,0.79,1
2009-01-22,21.38,21.75,20.55,21.2,1594500,-0.18,1.2,-0.85,5.66,0.6,-1
2009-01-21,20.98,21.99,20.02,21.88,2346800,0.9,1.97,4.11,9.0,0.98,1
2009-01-20,22.06,22.32,20.2,20.28,1604400,-1.78,2.12,-8.78,10.45,1.06,-1
2009-01-16,22.84,22.96,21.58,22.0,1409400,-0.84,1.38,-3.82,6.27,0.69,-1
2009-01-15,21.95,22.84,21.6,22.34,1474500,0.39,1.24,1.75,5.55,0.62,1
2009-01-14,22.55,22.65,21.36,21.76,1599900,-0.79,1.29,-3.63,5.93,0.64,-1
2009-01-13,23.82,24.2,22.4,22.61,1624000,-1.21,1.8,-5.35,7.96,0.9,-1
2009-01-12,25.18,25.18,23.1,23.75,1465000,-1.43,2.08,-6.02,8.76,1.04,-1
2009-01-09,26.62,26.63,24.86,25.03,1076200,-1.59,1.77,-6.35,7.07,0.88,-1
2009-01-08,25.31,27.21,25.19,26.33,2662100,1.02,2.02,3.87,7.67,1.01,1
2009-01-07,23.94,25.35,23.79,24.83,1279300,0.89,1.56,3.58,6.28,0.78,1
2009-01-06,23.95,25.15,23.64,24.58,1556100,0.63,1.51,2.56,6.14,0.75,1
2009-01-05,23.55,24.0,23.16,23.74,908100,0.19,0.84,0.8,3.54,0.42,-1
2009-01-02,23.44,24.0,22.41,23.74,920500,0.3,1.59,1.26,6.7,0.8,1
2008-12-31,23.31,24.1,23.0,23.69,1067100,0.38,1.1,1.6,4.64,0.55,1
2008-12-30,22.01,23.32,21.85,23.32,827100,1.31,1.47,5.62,6.3,0.73,1
2008-12-29,22.14,22.5,21.87,22.01,768500,-0.13,0.63,-0.59,2.86,0.31,-1
2008-12-26,21.57,22.38,21.51,22.32,450400,0.75,0.87,3.36,3.9,0.43,1
2008-12-24,21.61,22.08,21.5,21.69,329400,0.08,0.58,0.37,2.67,0.29,-1
2008-12-23,22.25,22.7,21.16,21.79,914300,-0.46,1.54,-2.11,7.07,0.77,-1
2008-12-22,24.52,24.53,22.1,22.41,1220600,-2.11,2.43,-9.42,10.84,1.21,-1
2008-12-19,24.5,24.67,23.62,24.52,960500,0.02,1.05,0.08,4.28,0.53,1
2008-12-18,24.66,25.25,23.78,24.28,876100,-0.38,1.47,-1.57,6.05,0.73,-1
2008-12-17,23.98,25.47,23.33,24.46,1064300,0.48,2.14,1.96,8.75,1.07,1
2008-12-16,24.59,24.59,23.6,24.35,974500,-0.24,0.99,-0.99,4.07,0.49,1
2008-12-15,24.61,24.61,23.1,23.73,1043900,-0.88,1.51,-3.71,6.36,0.75,-1
2008-12-12,23.02,24.74,23.0,24.74,1136600,1.72,1.74,6.95,7.03,0.87,1
2008-12-11,24.34,24.75,23.35,23.67,1740300,-0.67,1.4,-2.83,5.91,0.7,-1
2008-12-10,23.51,25.2,22.95,24.98,2225200,1.47,2.25,5.88,9.01,1.12,1
2008-12-09,22.6,24.88,22.2,23.21,2767100,0.61,2.68,2.63,11.55,1.34,1
2008-12-08,24.13,24.13,22.59,23.17,2119800,-0.96,1.54,-4.14,6.65,0.77,-1
2008-12-05,21.23,23.9,20.44,23.3,1970500,2.07,3.46,8.88,14.85,1.73,1
2008-12-04,21.25,22.8,20.58,21.35,1738600,0.1,2.22,0.47,10.4,1.11,-1
2008-12-03,18.53,22.05,18.26,21.85,2509300,3.32,3.79,15.19,17.35,1.89,1
2008-12-02,17.88,19.32,17.54,19.0,393200,1.12,1.78,5.89,9.37,0.89,1
2008-12-01,19.0,19.3,17.8,17.88,1801500,-1.12,1.5,-6.26,8.39,0.75,-1
2008-11-28,19.09,19.65,18.75,19.35,840000,0.26,0.9,1.34,4.65,0.45,1
2008-11-26,19.08,20.0,18.75,18.99,3233000,-0.09,1.25,-0.47,6.58,0.62,-1
2008-11-25,20.04,20.73,19.13,19.26,1946900,-0.78,1.6,-4.05,8.31,0.8,-1
2008-11-24,19.66,19.96,19.09,19.55,1839400,-0.11,0.87,-0.56,4.45,0.44,1
2008-11-21,19.01,19.93,17.25,18.94,2597800,-0.07,2.68,-0.37,14.15,1.34,-1
2008-11-20,19.5,21.47,19.23,19.61,1863000,0.11,2.24,0.56,11.42,1.12,-1
2008-11-19,21.0,21.25,19.5,19.76,1882000,-1.24,1.75,-6.28,8.86,0.88,-1
2008-11-18,20.14,20.75,19.5,20.51,1570200,0.37,1.25,1.8,6.09,0.62,1
2008-11-17,20.11,21.3,19.7,19.88,1639500,-0.23,1.6,-1.16,8.05,0.8,-1
2008-11-14,22.47,22.47,20.0,20.0,3541100,-2.47,2.47,-12.35,12.35,1.23,-1
2008-11-13,22.01,23.01,20.05,22.77,4044500,0.76,2.96,3.34,13.0,1.48,1
2008-11-12,23.0,24.1,22.2,22.42,2785800,-0.58,1.9,-2.59,8.47,0.95,-1
2008-11-11,25.79,25.79,23.44,23.64,1643400,-2.15,2.35,-9.09,9.94,1.17,-1
2008-11-10,27.5,27.5,24.42,24.81,1959000,-2.69,3.08,-10.84,12.41,1.54,-1
2008-11-07,26.52,27.22,25.9,26.66,2300600,0.14,1.32,0.53,4.95,0.66,1
2008-11-06,26.78,27.42,25.92,26.06,2204900,-0.72,1.5,-2.76,5.76,0.75,-1
2008-11-05,29.55,29.55,27.49,27.51,3207300,-2.04,2.06,-7.42,7.49,1.03,-1
2008-11-04,31.68,32.2,29.34,30.56,3691300,-1.12,2.86,-3.66,9.36,1.43,-1
2008-11-03,30.79,32.75,29.2,31.81,2787600,1.02,3.55,3.21,11.16,1.78,1
2008-10-31,30.95,31.5,29.08,31.0,2626300,0.05,2.42,0.16,7.81,1.21,-1
2008-10-30,29.87,31.8,28.62,31.17,3555900,1.3,3.18,4.17,10.2,1.59,1
2008-10-29,26.8,29.2,26.71,28.22,3436200,1.42,2.49,5.03,8.82,1.24,1
2008-10-28,24.3,27.14,23.67,27.06,2967100,2.76,3.47,10.2,12.82,1.73,1
2008-10-27,21.88,24.5,21.11,23.18,2410000,1.3,3.39,5.61,14.62,1.7,1
2008-10-24,18.38,23.21,18.3,22.13,3290700,3.75,4.91,16.95,22.19,2.46,1
2008-10-23,20.29,20.74,19.17,20.44,2818300,0.15,1.57,0.73,7.68,0.78,1
2008-10-22,21.5,21.55,19.12,20.06,7833800,-1.44,2.43,-7.18,12.11,1.21,1
2008-10-21,19.92,20.99,18.65,18.73,2153400,-1.19,2.34,-6.35,12.49,1.17,-1
2008-10-20,21.59,21.86,19.3,20.64,1806600,-0.95,2.56,-4.6,12.4,1.28,-1
2008-10-17,20.03,21.67,19.39,20.69,1545900,0.66,2.28,3.19,11.02,1.14,1
2008-10-16,20.0,20.75,18.55,19.89,1390200,-0.11,2.2,-0.55,11.06,1.1,-1
2008-10-15,20.87,21.3,19.56,19.97,1882300,-0.9,1.74,-4.51,8.71,0.87,-1
2008-10-14,24.65,25.49,21.3,21.33,1652200,-3.32,4.19,-15.56,19.64,2.09,-1
2008-10-13,23.49,24.43,22.1,24.0,1505900,0.51,2.33,2.13,9.71,1.16,1
2008-10-10,19.01,22.38,18.74,21.03,3404100,2.02,3.64,9.61,17.31,1.82,1
2008-10-09,21.4,21.5,19.42,20.45,1615800,-0.95,2.08,-4.65,10.17,1.04,1
2008-10-08,19.98,21.96,18.5,20.41,3522900,0.43,3.46,2.11,16.95,1.73,-1
2008-10-07,21.76,23.65,20.31,20.81,2642900,-0.95,3.34,-4.57,16.05,1.67,-1
2008-10-06,20.98,21.98,20.57,21.65,2897700,0.67,1.41,3.09,6.51,0.7,-1
2008-10-03,25.0,25.0,22.57,22.57,2945500,-2.43,2.43,-10.77,10.77,1.21,-1
2008-10-02,25.09,25.8,24.07,24.12,1976500,-0.97,1.73,-4.02,7.17,0.87,-1
2008-10-01,26.26,27.13,25.6,25.83,1098800,-0.43,1.53,-1.66,5.92,0.76,-1
2008-09-30,25.71,26.71,25.7,26.64,1299800,0.93,1.01,3.49,3.79,0.51,1
2008-09-29,28.26,28.46,23.68,26.0,2865300,-2.26,4.78,-8.69,18.38,2.39,-1
2008-09-26,29.56,30.5,27.81,29.04,2065300,-0.52,2.69,-1.79,9.26,1.35,-1
2008-09-25,29.0,31.08,28.07,30.9,1659100,1.9,3.01,6.15,9.74,1.5,1
2008-09-24,29.0,31.43,28.66,28.97,1494900,-0.03,2.77,-0.1,9.56,1.38,1
2008-09-23,28.77,30.12,28.3,28.78,2200300,0.01,1.82,0.03,6.32,0.91,1
2008-09-22,30.05,30.07,28.03,28.58,2203800,-1.47,2.04,-5.14,7.14,1.02,-1
2008-09-19,29.56,30.99,26.42,30.12,5286200,0.56,4.57,1.86,15.17,2.28,1
2008-09-18,28.3,28.35,22.67,27.76,5644200,-0.54,5.68,-1.95,20.46,2.84,-1
2008-09-17,31.79,31.79,26.28,27.92,5231000,-3.87,5.51,-13.86,19.73,2.75,-1
2008-09-16,31.99,32.2,29.5,31.98,3596200,-0.01,2.7,-0.03,8.44,1.35,-1
2008-09-15,34.02,35.93,32.0,33.67,2025600,-0.35,3.93,-1.04,11.67,1.96,-1
2008-09-12,34.19,35.99,33.15,35.94,1528300,1.75,2.84,4.87,7.9,1.42,1
2008-09-11,32.93,34.98,32.4,34.25,1716500,1.32,2.58,3.85,7.53,1.29,1
2008-09-10,32.48,34.2,32.45,33.95,1544800,1.47,1.75,4.33,5.15,0.88,1
2008-09-09,35.07,36.3,31.51,32.47,2191100,-2.6,4.79,-8.01,14.75,2.39,-1
2008-09-08,36.61,37.12,33.25,34.91,1830800,-1.7,3.87,-4.87,11.09,1.93,-1
2008-09-05,35.11,36.41,34.56,36.17,1441200,1.06,1.85,2.93,5.11,0.92,1
2008-09-04,38.82,38.82,35.24,35.53,2440000,-3.29,3.58,-9.26,10.08,1.79,-1
2008-09-03,38.12,39.75,37.0,38.93,2288900,0.81,2.75,2.08,7.06,1.38,1
2008-09-02,40.01,40.26,37.56,38.52,1625500,-1.49,2.7,-3.87,7.01,1.35,-1
2008-08-29,39.35,40.06,38.59,39.7,911100,0.35,1.47,0.88,3.7,0.73,1
2008-08-28,38.85,39.9,38.23,39.57,1209400,0.72,1.67,1.82,4.22,0.84,1
2008-08-27,36.71,38.91,36.66,38.49,2131600,1.78,2.25,4.62,5.85,1.12,1
2008-08-26,37.94,38.85,36.58,36.98,1378900,-0.96,2.27,-2.6,6.14,1.14,-1
2008-08-25,38.99,39.45,37.75,37.95,1374400,-1.04,1.7,-2.74,4.48,0.85,-1
2008-08-22,39.65,40.09,38.7,38.93,1460500,-0.72,1.39,-1.85,3.57,0.7,1
2008-08-21,37.25,39.34,37.25,38.74,1709700,1.49,2.09,3.85,5.39,1.05,1
2008-08-20,40.0,40.11,37.7,38.01,2216600,-1.99,2.41,-5.24,6.34,1.2,-1
2008-08-19,41.1,41.22,39.1,39.81,1623000,-1.29,2.12,-3.24,5.33,1.06,-1
2008-08-18,39.7,41.86,38.54,41.7,2407800,2.0,3.32,4.8,7.96,1.66,1
2008-08-15,35.93,41.0,35.93,39.83,5048100,3.9,5.07,9.79,12.73,2.54,1
2008-08-14,36.29,36.5,35.22,36.38,997900,0.09,1.28,0.25,3.52,0.64,1
2008-08-13,35.25,36.32,33.72,36.03,1524000,0.78,2.6,2.16,7.22,1.3,1
2008-08-12,35.48,36.24,34.7,34.89,2270300,-0.59,1.54,-1.69,4.41,0.77,-1
2008-08-11,37.0,37.24,35.38,35.76,1824800,-1.24,1.86,-3.47,5.2,0.93,-1
2008-08-08,35.2,37.0,34.47,36.91,1828400,1.71,2.53,4.63,6.85,1.27,1
2008-08-07,34.62,36.39,34.0,34.68,2292700,0.06,2.39,0.17,6.89,1.2,-1
2008-08-06,34.99,36.45,33.89,36.19,1942700,1.2,2.56,3.32,7.07,1.28,1
2008-08-05,34.42,35.19,33.35,34.4,1794900,-0.02,1.84,-0.06,5.35,0.92,1
2008-08-04,36.02,36.02,33.6,34.35,1388400,-1.67,2.42,-4.86,7.05,1.21,-1
2008-08-01,36.49,36.49,35.15,35.31,877900,-1.18,1.34,-3.34,3.79,0.67,-1
2008-07-31,35.68,37.79,35.28,35.85,1860200,0.17,2.51,0.47,7.0,1.25,1
2008-07-30,33.63,35.76,33.34,35.23,2949400,1.6,2.42,4.54,6.87,1.21,1
2008-07-29,34.7,35.8,33.3,33.33,1645800,-1.37,2.5,-4.11,7.5,1.25,-1
2008-07-28,34.0,35.0,33.0,34.69,1877100,0.69,2.0,1.99,5.77,1.0,1
2008-07-25,34.5,34.65,33.63,34.07,1507500,-0.43,1.02,-1.26,2.99,0.51,-1
2008-07-24,36.7,36.99,34.34,34.75,3205200,-1.95,2.65,-5.61,7.63,1.32,-1
2008-07-23,32.63,37.23,32.31,37.0,9040800,4.37,4.92,11.81,13.3,2.46,-1
2008-07-22,36.18,38.0,34.17,37.97,4691200,1.79,3.83,4.71,10.09,1.91,1
2008-07-21,38.53,38.99,36.93,36.94,1666000,-1.59,2.06,-4.3,5.58,1.03,-1
2008-07-18,38.4,38.95,37.66,38.51,2236300,0.11,1.29,0.29,3.35,0.65,-1
2008-07-17,38.34,39.24,37.44,38.89,1757100,0.55,1.8,1.41,4.63,0.9,1
2008-07-16,38.61,38.7,36.52,36.95,1772000,-1.66,2.18,-4.49,5.9,1.09,-1
2008-07-15,40.0,40.09,38.02,38.5,2062600,-1.5,2.07,-3.9,5.38,1.04,-1
2008-07-14,40.05,41.07,39.57,40.5,2329400,0.45,1.5,1.11,3.7,0.75,1
2008-07-11,38.0,40.31,37.3,39.38,2877100,1.38,3.01,3.5,7.64,1.51,1
2008-07-10,37.89,38.8,37.56,38.56,4663600,0.67,1.24,1.74,3.22,0.62,1
2008-07-09,40.99,41.75,37.3,37.71,6569500,-3.28,4.45,-8.7,11.8,2.23,-1
2008-07-08,40.39,42.14,36.51,40.19,19177400,-0.2,5.63,-0.5,14.01,2.82,-1
2008-07-07,52.95,55.91,52.77,53.19,1272300,0.24,3.14,0.45,5.9,1.57,1
2008-07-03,55.15,55.15,52.99,53.07,695400,-2.08,2.16,-3.92,4.07,1.08,-1
2008-07-02,52.84,57.0,52.84,55.01,1780700,2.17,4.16,3.94,7.56,2.08,1
2008-07-01,52.35,53.6,50.5,52.45,2207300,0.1,3.1,0.19,5.91,1.55,-1
2008-06-30,50.57,54.5,50.0,53.86,1910200,3.29,4.5,6.11,8.35,2.25,1
2008-06-27,58.12,58.12,50.5,51.05,3614900,-7.07,7.62,-13.85,14.93,3.81,-1
2008-06-26,61.67,61.67,58.64,58.92,1324700,-2.75,3.03,-4.67,5.14,1.52,-1
2008-06-25,61.04,62.5,60.27,62.18,863600,1.14,2.23,1.83,3.59,1.11,1
2008-06-24,62.69,62.82,60.92,60.95,1041200,-1.74,1.9,-2.85,3.12,0.95,-1
2008-06-23,62.52,64.24,61.5,63.56,863200,1.04,2.74,1.64,4.31,1.37,-1
2008-06-20,65.72,65.72,63.12,63.86,1269100,-1.86,2.6,-2.91,4.07,1.3,-1
2008-06-19,65.92,66.5,64.69,65.72,549300,-0.2,1.81,-0.3,2.75,0.91,-1
2008-06-18,66.5,66.56,64.76,66.19,1202100,-0.31,1.8,-0.47,2.72,0.9,-1
2008-06-17,67.84,67.84,66.03,67.0,1244400,-0.84,1.81,-1.25,2.7,0.91,-1
2008-06-16,66.0,67.5,65.6,67.47,1742300,1.47,1.9,2.18,2.82,0.95,1
2008-06-13,65.29,66.6,64.64,66.5,1277900,1.21,1.96,1.82,2.95,0.98,1
2008-06-12,64.78,65.85,64.58,65.29,1403800,0.51,1.27,0.78,1.95,0.63,1
2008-06-11,66.24,66.49,64.94,65.28,1557500,-0.96,1.55,-1.47,2.37,0.77,-1
2008-06-10,65.0,66.5,63.66,65.83,2131800,0.83,2.84,1.26,4.31,1.42,-1
2008-06-09,67.56,67.56,60.0,65.84,7219700,-1.72,7.56,-2.61,11.48,3.78,-1
2008-06-06,68.98,68.98,67.39,67.89,1632900,-1.09,1.59,-1.61,2.34,0.8,-1
2008-06-05,67.92,70.0,67.16,69.93,1387300,2.01,2.84,2.87,4.06,1.42,1
2008-06-04,65.26,68.5,65.26,67.37,1399300,2.11,3.24,3.13,4.81,1.62,1
2008-06-03,66.37,67.41,64.96,65.65,1135700,-0.72,2.45,-1.1,3.73,1.23,-1
2008-06-02,68.14,69.0,65.85,66.39,823400,-1.75,3.15,-2.64,4.74,1.58,-1
2008-05-30,68.38,69.62,68.25,68.67,2063500,0.29,1.37,0.42,2.0,0.69,1
2008-05-29,68.29,68.7,67.47,68.66,1039700,0.37,1.23,0.54,1.79,0.62,1
2008-05-28,67.76,68.21,66.85,67.65,837500,-0.11,1.36,-0.16,2.01,0.68,1
2008-05-27,66.45,67.65,64.79,66.75,1142700,0.3,2.86,0.45,4.28,1.43,1
2008-05-23,64.9,65.02,63.3,64.96,869400,0.06,1.72,0.09,2.65,0.86,-1
2008-05-22,65.45,66.0,64.99,65.0,995100,-0.45,1.01,-0.69,1.55,0.51,-1
2008-05-21,67.85,68.75,65.31,65.39,2010200,-2.46,3.44,-3.76,5.26,1.72,-1
2008-05-20,68.19,68.46,65.89,68.0,2599700,-0.19,2.57,-0.28,3.78,1.28,-1
2008-05-19,70.74,71.64,68.92,69.3,2711500,-1.44,2.72,-2.08,3.92,1.36,-1
2008-05-16,71.37,71.9,68.8,69.6,3307200,-1.77,3.1,-2.54,4.45,1.55,-1
2008-05-15,66.33,72.08,64.25,72.08,3755900,5.75,7.83,7.98,10.86,3.91,1
2008-05-14,67.25,67.46,65.67,66.32,1861000,-0.93,1.79,-1.4,2.7,0.89,1
2008-05-13,65.0,67.19,64.72,66.15,1851900,1.15,2.47,1.74,3.73,1.23,1
2008-05-12,64.54,65.46,63.0,64.79,1066100,0.25,2.46,0.39,3.8,1.23,1
2008-05-09,63.97,64.6,63.1,64.05,1047300,0.08,1.5,0.12,2.34,0.75,1
2008-05-08,64.19,64.99,63.28,64.04,845100,-0.15,1.71,-0.23,2.67,0.85,1
2008-05-07,66.94,68.29,62.76,63.76,1977800,-3.18,5.53,-4.99,8.67,2.77,-1
2008-05-06,67.55,68.27,65.97,67.39,1214900,-0.16,2.3,-0.24,3.41,1.15,-1
2008-05-05,68.36,69.25,66.75,67.58,931700,-0.78,2.5,-1.15,3.7,1.25,-1
2008-05-02,71.5,71.5,67.53,68.76,1444100,-2.74,3.97,-3.98,5.77,1.98,-1
2008-05-01,66.64,70.73,65.55,70.24,2485900,3.6,5.18,5.13,7.37,2.59,1
2008-04-30,68.41,68.98,66.5,66.64,3353100,-1.77,2.48,-2.66,3.72,1.24,-1
2008-04-29,67.97,68.45,66.5,68.44,1728600,0.47,1.95,0.69,2.85,0.98,1
2008-04-28,65.2,69.47,65.07,67.33,2828000,2.13,4.4,3.16,6.53,2.2,1
2008-04-25,61.55,65.48,61.16,64.84,2555400,3.29,4.32,5.07,6.66,2.16,1
2008-04-24,60.34,61.75,58.35,61.52,2938300,1.18,3.4,1.92,5.53,1.7,1
2008-04-23,64.63,64.88,60.55,60.84,7786100,-3.79,4.33,-6.23,7.12,2.16,1
2008-04-22,56.09,59.3,54.22,58.02,6455500,1.93,5.08,3.33,8.76,2.54,1
2008-04-21,58.99,59.12,55.63,56.07,2408200,-2.92,3.49,-5.21,6.22,1.74,-1
2008-04-18,56.85,60.75,56.85,58.47,3986600,1.62,3.9,2.77,6.67,1.95,1
2008-04-17,53.49,55.62,53.0,55.02,1994400,1.53,2.62,2.78,4.76,1.31,1
2008-04-16,52.8,55.0,52.8,53.96,1985300,1.16,2.2,2.15,4.08,1.1,1
2008-04-15,51.85,52.5,51.35,51.72,1237000,-0.13,1.15,-0.25,2.22,0.57,-1
2008-04-14,52.01,52.48,51.2,51.85,1137700,-0.16,1.28,-0.31,2.47,0.64,-1
2008-04-11,53.0,53.76,51.8,52.5,1059300,-0.5,1.96,-0.95,3.73,0.98,-1
2008-04-10,52.03,56.15,52.03,53.91,1884300,1.88,4.12,3.49,7.64,2.06,1
2008-04-09,54.0,54.89,51.67,52.6,2027500,-1.4,3.22,-2.66,6.12,1.61,-1
2008-04-08,49.94,54.14,49.0,53.27,2281400,3.33,5.14,6.25,9.65,2.57,1
2008-04-07,51.95,52.25,49.71,50.59,1567600,-1.36,2.54,-2.69,5.02,1.27,1
2008-04-04,47.0,52.0,46.28,50.49,2589700,3.49,5.72,6.91,11.33,2.86,1
2008-04-03,42.9,48.06,42.33,47.97,3142000,5.07,5.73,10.57,11.94,2.87,1
2008-04-02,46.01,46.62,43.06,43.68,1987300,-2.33,3.56,-5.33,8.15,1.78,-1
2008-04-01,43.84,46.18,42.05,45.75,3060100,1.91,4.13,4.17,9.03,2.07,1
2008-03-31,43.89,44.41,42.5,42.82,2322200,-1.07,1.91,-2.5,4.46,0.95,-1
2008-03-28,46.55,46.95,44.42,44.53,1381400,-2.02,2.53,-4.54,5.68,1.27,-1
2008-03-27,49.72,49.95,45.5,46.38,2136300,-3.34,4.45,-7.2,9.59,2.23,-1
2008-03-26,49.83,49.93,47.0,49.61,1293200,-0.22,2.93,-0.44,5.91,1.46,-1
2008-03-25,48.49,50.69,46.51,50.08,2003500,1.59,4.18,3.17,8.35,2.09,1
2008-03-24,44.54,48.7,44.28,47.76,2534100,3.22,4.42,6.74,9.25,2.21,1
2008-03-20,42.41,45.5,41.41,45.12,2448400,2.71,4.09,6.01,9.06,2.05,1
2008-03-19,46.7,47.0,42.5,42.77,2436500,-3.93,4.5,-9.19,10.52,2.25,-1
2008-03-18,46.81,48.58,44.65,46.66,2003100,-0.15,3.93,-0.32,8.42,1.96,1
2008-03-17,47.5,49.0,45.5,46.06,1847200,-1.44,3.5,-3.13,7.6,1.75,-1
2008-03-14,53.1,53.93,49.36,49.78,943500,-3.32,4.57,-6.67,9.18,2.28,-1
2008-03-13,50.84,55.09,49.66,52.12,1771900,1.28,5.43,2.46,10.42,2.72,1
2008-03-12,48.0,51.5,46.52,51.27,2405800,3.27,4.98,6.38,9.71,2.49,1
2008-03-11,48.83,50.0,46.95,48.0,1863400,-0.83,3.05,-1.73,6.35,1.52,1
2008-03-10,51.52,51.52,46.62,47.51,1962900,-4.01,4.9,-8.44,10.31,2.45,-1
2008-03-07,52.37,54.85,50.3,51.45,1195000,-0.92,4.55,-1.79,8.84,2.28,-1
2008-03-06,53.6,55.3,52.99,53.1,1303800,-0.5,2.31,-0.94,4.35,1.15,-1
2008-03-05,54.0,54.9,53.0,54.57,1840700,0.57,1.9,1.04,3.48,0.95,1
2008-03-04,55.1,56.19,52.5,53.76,2195300,-1.34,3.69,-2.49,6.86,1.84,-1
2008-03-03,58.24,58.53,55.16,55.81,1135300,-2.43,3.37,-4.35,6.04,1.69,-1
2008-02-29,59.26,59.95,58.32,58.67,842200,-0.59,1.63,-1.01,2.78,0.82,-1
2008-02-28,59.79,60.96,59.16,59.95,984500,0.16,1.8,0.27,3.0,0.9,1
2008-02-27,60.0,60.5,58.42,59.86,1285200,-0.14,2.08,-0.23,3.47,1.04,-1
2008-02-26,59.3,60.7,57.43,60.18,2050400,0.88,3.27,1.46,5.43,1.64,1
2008-02-25,56.55,58.6,56.01,58.29,907900,1.74,2.59,2.99,4.44,1.3,1
2008-02-22,58.0,58.48,55.0,56.55,1449100,-1.45,3.48,-2.56,6.15,1.74,-1
2008-02-21,59.46,60.0,57.5,57.91,1124000,-1.55,2.5,-2.68,4.32,1.25,-1
2008-02-20,56.23,59.83,56.23,59.45,913600,3.22,3.6,5.42,6.06,1.8,1
2008-02-19,60.99,61.5,56.5,57.38,1685900,-3.61,5.0,-6.29,8.71,2.5,-1
2008-02-15,61.2,62.57,59.25,59.81,1598200,-1.39,3.32,-2.32,5.55,1.66,-1
2008-02-14,63.1,63.33,61.25,62.1,1333000,-1.0,2.08,-1.61,3.35,1.04,-1
2008-02-13,63.0,63.5,62.18,62.93,919500,-0.07,1.32,-0.11,2.1,0.66,1
2008-02-12,62.0,63.0,61.56,62.26,989000,0.26,1.44,0.42,2.31,0.72,1
2008-02-11,61.22,62.24,60.9,61.42,1132600,0.2,1.34,0.33,2.18,0.67,1
2008-02-08,60.9,61.39,60.07,60.27,956400,-0.63,1.32,-1.05,2.19,0.66,-1
2008-02-07,60.5,62.75,59.56,60.8,1521700,0.3,3.19,0.49,5.25,1.59,-1
2008-02-06,60.32,62.0,59.5,61.52,2209700,1.2,2.5,1.95,4.06,1.25,1
2008-02-05,57.6,59.3,57.17,59.3,1711700,1.7,2.13,2.87,3.59,1.06,1
2008-02-04,58.0,60.47,56.91,58.05,1840300,0.05,3.56,0.09,6.13,1.78,1
2008-02-01,56.98,58.14,55.06,57.85,2489400,0.87,3.08,1.5,5.32,1.54,1
2008-01-31,55.6,57.35,55.52,56.67,2607800,1.07,1.83,1.89,3.23,0.91,1
2008-01-30,54.49,57.17,53.57,56.42,6063100,1.93,3.6,3.42,6.38,1.8,1
2008-01-29,58.05,59.8,54.51,54.87,21715900,-3.18,5.29,-5.8,9.64,2.64,-1
2008-01-28,82.0,83.0,78.15,83.0,6138700,1.0,4.85,1.2,5.84,2.42,1
2008-01-25,83.94,83.94,79.58,80.55,2155500,-3.39,4.36,-4.21,5.41,2.18,1
2008-01-24,78.95,81.0,76.3,80.2,2497400,1.25,4.7,1.56,5.86,2.35,1
2008-01-23,76.83,79.0,75.15,77.51,3288700,0.68,3.85,0.88,4.97,1.92,-1
2008-01-22,72.56,81.13,72.5,80.45,3600500,7.89,8.63,9.81,10.73,4.31,-1
2008-01-18,81.6,82.75,78.1,81.27,2203800,-0.33,4.65,-0.41,5.72,2.33,1
2008-01-17,84.45,85.84,79.78,80.74,2676800,-3.71,6.06,-4.59,7.51,3.03,-1
2008-01-16,78.34,83.7,77.0,83.5,2611600,5.16,6.7,6.18,8.02,3.35,1
2008-01-15,81.53,84.4,78.85,79.93,2408500,-1.6,5.55,-2.0,6.94,2.78,-1
2008-01-14,79.99,83.26,78.34,82.24,1923500,2.25,4.92,2.74,5.98,2.46,1
2008-01-11,78.38,79.8,75.83,77.53,2109900,-0.85,3.97,-1.1,5.12,1.98,-1
2008-01-10,79.2,82.43,77.64,80.3,1800700,1.1,4.79,1.37,5.97,2.4,1
2008-01-09,76.44,80.0,76.02,79.89,2959100,3.45,3.98,4.32,4.98,1.99,1
2008-01-08,74.01,79.5,73.59,74.5,2644200,0.49,5.91,0.66,7.93,2.95,1
2008-01-07,81.25,81.64,71.66,72.99,4609300,-8.26,9.98,-11.32,13.67,4.99,-1
2008-01-04,82.0,82.89,79.53,80.49,1680300,-1.51,3.36,-1.88,4.17,1.68,-1
2008-01-03,84.9,86.93,82.5,83.95,2115300,-0.95,4.43,-1.13,5.28,2.22,-1
2008-01-02,85.49,85.98,83.11,84.6,1001800,-0.89,2.87,-1.05,3.39,1.44,-1
2007-12-31,83.05,85.52,83.05,84.99,1175400,1.94,2.47,2.28,2.91,1.23,1
2007-12-28,85.15,86.4,82.35,83.6,1129900,-1.55,4.05,-1.85,4.84,2.03,-1
2007-12-27,87.61,87.61,84.74,84.97,1344400,-2.64,2.87,-3.11,3.38,1.44,-1
2007-12-26,88.99,89.03,87.03,87.63,1022800,-1.36,2.0,-1.55,2.28,1.0,-1
2007-12-24,89.64,91.27,88.0,88.71,595400,-0.93,3.27,-1.05,3.69,1.63,-1
2007-12-21,93.17,93.2,89.34,89.64,1526600,-3.53,3.86,-3.94,4.31,1.93,-1
2007-12-20,92.99,93.0,89.02,91.14,1178300,-1.85,3.98,-2.03,4.37,1.99,1
2007-12-19,88.06,91.79,88.01,90.53,1161900,2.47,3.78,2.73,4.18,1.89,1
2007-12-18,92.97,92.97,85.0,88.83,2375400,-4.14,7.97,-4.66,8.97,3.98,-1
2007-12-17,94.85,95.13,89.0,89.85,2134500,-5.0,6.13,-5.56,6.82,3.06,-1
2007-12-14,93.04,98.46,92.25,95.7,2449800,2.66,6.21,2.78,6.49,3.1,-1
2007-12-13,97.13,99.23,92.3,96.0,3904500,-1.13,6.93,-1.18,7.22,3.47,-1
2007-12-12,99.75,102.74,95.14,99.23,5628900,-0.52,7.6,-0.52,7.66,3.8,1
2007-12-11,95.0,99.99,93.64,95.29,4849500,0.29,6.35,0.3,6.66,3.17,1
2007-12-10,89.99,93.58,87.75,93.45,1883300,3.46,5.83,3.7,6.24,2.91,1
2007-12-07,90.68,90.68,87.11,88.88,1261700,-1.8,3.57,-2.03,4.02,1.79,-1
2007-12-06,91.7,91.92,86.5,89.7,3095500,-2.0,5.42,-2.23,6.04,2.71,-1
2007-12-05,98.0,98.0,88.7,90.44,3978600,-7.56,9.3,-8.36,10.28,4.65,-1
2007-12-04,92.26,97.1,92.05,95.08,2907100,2.82,5.05,2.97,5.31,2.52,1
2007-12-03,89.87,96.0,88.7,94.97,4409600,5.1,7.3,5.37,7.69,3.65,1
2007-11-30,95.39,95.6,89.85,91.37,4845000,-4.02,5.75,-4.4,6.29,2.88,1
2007-11-29,90.91,93.2,89.5,90.85,5700700,-0.06,3.7,-0.07,4.07,1.85,1
2007-11-28,80.57,88.49,80.57,87.69,8016100,7.12,7.92,8.12,9.03,3.96,1
2007-11-27,73.5,78.25,72.89,77.58,5420700,4.08,5.36,5.26,6.91,2.68,1
2007-11-26,78.38,78.41,71.0,71.44,7413900,-6.94,7.41,-9.71,10.37,3.7,-1
2007-11-23,82.61,82.61,78.82,78.84,1106100,-3.77,3.79,-4.78,4.81,1.9,-1
2007-11-21,80.8,82.4,79.06,80.68,3236900,-0.12,3.34,-0.15,4.14,1.67,-1
2007-11-20,83.0,86.0,79.25,82.62,4635100,-0.38,6.75,-0.46,8.17,3.38,1
2007-11-19,84.2,89.37,80.5,81.97,3233600,-2.23,8.87,-2.72,10.82,4.44,-1
2007-11-16,84.5,85.92,81.71,85.25,2920000,0.75,4.21,0.88,4.94,2.11,1
2007-11-15,87.45,89.65,81.4,82.3,4615400,-5.15,8.25,-6.26,10.02,4.12,-1
2007-11-14,97.72,97.72,86.62,87.17,5853900,-10.55,11.1,-12.1,12.73,5.55,-1
2007-11-13,84.23,92.79,82.3,90.68,7504300,6.45,10.49,7.11,11.57,5.25,1
2007-11-12,86.5,92.54,76.55,80.36,9036600,-6.14,15.99,-7.64,19.9,8.0,-1
2007-11-09,88.5,92.25,84.6,87.74,8034800,-0.76,7.65,-0.87,8.72,3.83,-1
2007-11-08,102.92,103.0,87.81,91.88,12203000,-11.04,15.19,-12.02,16.53,7.59,-1
2007-11-07,107.53,108.5,102.12,102.5,5051700,-5.03,6.38,-4.91,6.22,3.19,-1
2007-11-06,114.79,115.95,109.61,110.94,3342600,-3.85,6.34,-3.47,5.71,3.17,-1
2007-11-05,114.0,115.0,109.5,112.55,3831500,-1.45,5.5,-1.29,4.89,2.75,-1
2007-11-02,123.82,123.95,114.55,117.12,4368700,-6.7,9.4,-5.72,8.03,4.7,-1
2007-11-01,123.0,124.98,121.51,122.25,2535100,-0.75,3.47,-0.61,2.84,1.73,-1
2007-10-31,122.85,125.25,120.0,124.83,3693200,1.98,5.25,1.59,4.21,2.62,1
2007-10-30,120.0,123.46,117.0,120.35,3496300,0.35,6.46,0.29,5.37,3.23,-1
2007-10-29,114.6,121.42,113.59,120.78,5741600,6.18,7.83,5.12,6.48,3.91,1
2007-10-26,115.99,116.4,109.7,112.09,4344500,-3.9,6.7,-3.48,5.98,3.35,-1
2007-10-25,111.7,115.95,106.5,114.0,9962300,2.3,9.45,2.02,8.29,4.73,1
2007-10-24,108.77,111.0,102.26,103.52,9660600,-5.25,8.74,-5.07,8.44,4.37,-1
2007-10-23,105.99,107.51,103.1,106.15,4440100,0.16,4.41,0.15,4.15,2.21,1
2007-10-22,95.2,102.5,91.55,102.38,4348700,7.18,10.95,7.01,10.7,5.48,1
2007-10-19,100.72,101.94,97.05,97.74,3486900,-2.98,4.89,-3.05,5.0,2.45,-1
2007-10-18,102.0,103.6,100.24,101.55,1942000,-0.45,3.36,-0.44,3.31,1.68,-1
2007-10-17,103.04,105.4,101.51,103.95,4329700,0.91,3.89,0.88,3.74,1.95,1
2007-10-16,97.1,101.18,95.02,99.9,4283100,2.8,6.16,2.8,6.17,3.08,1
2007-10-15,104.49,105.5,96.29,98.76,4837100,-5.73,9.21,-5.8,9.33,4.6,-1
2007-10-12,103.13,107.37,98.05,102.98,6356900,-0.15,9.32,-0.15,9.05,4.66,1
2007-10-11,109.98,114.88,99.06,102.69,11110400,-7.29,15.82,-7.1,15.41,7.91,-1
2007-10-10,102.51,107.49,101.61,107.04,4765700,4.53,5.88,4.23,5.49,2.94,1
2007-10-09,97.22,101.89,96.11,101.61,5864000,4.39,5.78,4.32,5.69,2.89,1
2007-10-08,91.21,95.9,91.15,95.09,3030600,3.88,4.75,4.08,5.0,2.38,1
2007-10-05,92.15,92.15,89.22,91.13,1881600,-1.02,2.93,-1.12,3.22,1.47,1
2007-10-04,89.15,90.5,88.0,89.57,1754900,0.42,2.5,0.47,2.79,1.25,1
2007-10-03,92.43,93.98,87.5,88.25,3965800,-4.18,6.48,-4.74,7.34,3.24,-1
2007-10-02,88.97,92.52,88.36,92.42,2869600,3.45,4.16,3.73,4.5,2.08,1
2007-10-01,84.75,89.23,83.62,88.62,3845800,3.87,5.61,4.37,6.33,2.8,1
2007-09-28,83.89,85.52,82.5,85.0,3419300,1.11,3.02,1.31,3.55,1.51,1
2007-09-27,83.05,84.05,82.05,83.12,1855400,0.07,2.0,0.08,2.41,1.0,1
2007-09-26,83.99,84.4,82.11,82.36,1539200,-1.63,2.29,-1.98,2.78,1.15,-1
2007-09-25,82.31,85.0,82.0,83.23,2964600,0.92,3.0,1.11,3.6,1.5,-1
2007-09-24,81.0,85.17,80.32,83.83,5649300,2.83,4.85,3.38,5.79,2.43,1
2007-09-21,77.35,79.31,76.6,79.31,4114400,1.96,2.71,2.47,3.42,1.36,1
2007-09-20,77.66,79.27,76.17,76.65,2464600,-1.01,3.1,-1.32,4.04,1.55,-1
2007-09-19,75.3,78.83,74.86,77.6,4228400,2.3,3.97,2.96,5.12,1.98,1
2007-09-18,75.35,75.75,72.8,73.9,2931900,-1.45,2.95,-1.96,3.99,1.48,1
2007-09-17,76.15,77.6,73.19,73.7,4773600,-2.45,4.41,-3.32,5.98,2.2,-1
2007-09-14,77.22,79.55,76.55,77.92,3093300,0.7,3.0,0.9,3.85,1.5,1
2007-09-13,79.55,80.55,76.53,77.79,3253800,-1.76,4.02,-2.26,5.17,2.01,-1
2007-09-12,78.44,80.65,77.06,78.3,6005300,-0.14,3.59,-0.18,4.58,1.8,1
2007-09-11,78.7,82.75,76.5,76.65,10613600,-2.05,6.25,-2.67,8.15,3.12,-1
2007-09-10,71.99,79.15,68.85,76.76,6667400,4.77,10.3,6.21,13.42,5.15,1
2007-09-07,67.01,71.3,66.8,69.5,2668300,2.49,4.5,3.58,6.47,2.25,-1
2007-09-06,64.6,70.1,64.09,69.79,2599400,5.19,6.01,7.44,8.61,3.0,1
2007-09-05,66.55,66.59,63.65,64.21,2245400,-2.34,2.94,-3.64,4.58,1.47,-1
2007-09-04,69.06,69.13,67.25,67.45,1353800,-1.61,1.88,-2.39,2.79,0.94,-1
2007-08-31,69.82,70.11,68.54,68.89,921700,-0.93,1.57,-1.35,2.28,0.78,1
2007-08-30,67.58,70.0,66.25,68.46,1731300,0.88,3.75,1.29,5.48,1.88,1
2007-08-29,72.0,72.48,67.15,68.2,3580700,-3.8,5.33,-5.57,7.82,2.66,-1
2007-08-28,71.9,72.1,66.5,69.78,3664100,-2.12,5.6,-3.04,8.03,2.8,-1
2007-08-27,71.73,73.35,71.01,72.3,2393300,0.57,2.34,0.79,3.24,1.17,1
2007-08-24,70.2,72.65,69.45,71.3,3812400,1.1,3.2,1.54,4.49,1.6,1
2007-08-23,68.07,70.88,65.01,70.2,4347000,2.13,5.87,3.03,8.36,2.93,1
2007-08-22,70.18,73.95,66.56,66.85,10144400,-3.33,7.39,-4.98,11.05,3.7,1
2007-08-21,57.25,66.59,56.5,65.99,7369700,8.74,10.09,13.24,15.29,5.05,1
2007-08-20,56.05,57.5,55.61,57.33,2140900,1.28,1.89,2.23,3.3,0.95,1
2007-08-17,59.0,59.0,54.45,55.55,3086100,-3.45,4.55,-6.21,8.19,2.27,-1
2007-08-16,60.99,61.49,52.71,56.99,6919500,-4.0,8.78,-7.02,15.41,4.39,-1
2007-08-15,52.11,59.87,51.5,57.71,10678500,5.6,8.37,9.7,14.5,4.18,-1
